 	Nucl_A_5pUTR	Nucl_T_5pUTR	Nucl_G_5pUTR	Nucl_C_5pUTR
MSMEG_0001	0.1714	0.2476	0.3619	0.219
MSMEG_0005	0.193	0.1404	0.2982	0.3684
MSMEG_0007	0.2125	0.1394	0.331	0.3171
MSMEG_0015	0.3846	0.1154	0.2692	0.2308
MSMEG_0016	0.2	0.15	0.3375	0.3125
MSMEG_0020	0.2233	0.1359	0.2913	0.3495
MSMEG_0021	0.2	0.1385	0.4308	0.2308
MSMEG_0023	0.25	0.1562	0.375	0.2188
MSMEG_0026	0.1667	0.2407	0.2407	0.3519
MSMEG_0027	0.2917	0.2083	0.2917	0.2083
MSMEG_0028	0.1878	0.1362	0.3052	0.3709
MSMEG_0030	0.1755	0.1192	0.3709	0.3344
MSMEG_0032	0.1107	0.083	0.3202	0.4862
MSMEG_0033	0.2358	0.1301	0.3496	0.2846
MSMEG_0034	0.1852	0.1111	0.3704	0.3333
MSMEG_0036	0.1837	0.1837	0.2857	0.3469
MSMEG_0044	0.1263	0.1474	0.3684	0.3579
MSMEG_0046	0.1364	0.1212	0.4091	0.3333
MSMEG_0047	0.2037	0.1852	0.3889	0.2222
MSMEG_0048	0.2609	0.1304	0.3913	0.2174
MSMEG_0049	0.1617	0.1517	0.3134	0.3731
MSMEG_0050	0.1662	0.1484	0.3442	0.3412
MSMEG_0051	0.3721	0.0698	0.2326	0.3256
MSMEG_0052	0.2295	0.1148	0.3115	0.3443
MSMEG_0053	0.1163	0.3953	0.3023	0.186
MSMEG_0055	0.2105	0.0526	0.5263	0.2105
MSMEG_0056	0.1549	0.1831	0.4366	0.2254
MSMEG_0060	0.2243	0.1589	0.3364	0.2804
MSMEG_0061	0.0909	0.0909	0.7273	0.0909
MSMEG_0067	0.1786	0.2857	0.2857	0.25
MSMEG_0069	0.1867	0.1733	0.4133	0.2267
MSMEG_0070	0.2381	0.2078	0.2814	0.2727
MSMEG_0076	0.1667	0.225	0.3667	0.2417
MSMEG_0078	0.2527	0.1758	0.3132	0.2582
MSMEG_0079	0.2154	0.1382	0.3252	0.3211
MSMEG_0083	0.1139	0.2278	0.4051	0.2532
MSMEG_0087	0.2857	0.1429	0.2619	0.3095
MSMEG_0093	0	0	1.0	0
MSMEG_0095	0.1429	0.1429	0.4286	0.2857
MSMEG_0096	0.3171	0.0976	0.2439	0.3415
MSMEG_0101	0.1304	0.2174	0.5217	0.1304
MSMEG_0107	0.25	0.25	0.25	0.25
MSMEG_0109	0.1623	0.2193	0.2807	0.3377
MSMEG_0110	0.2222	0.1481	0.2963	0.3333
MSMEG_0117	0.2414	0.3448	0.2069	0.2069
MSMEG_0118	0.2632	0.2632	0.4211	0.0526
MSMEG_0120	0	0	0	1.0
MSMEG_0130	0.2533	0.1067	0.24	0.4
MSMEG_0131	0.3026	0.1974	0.2237	0.2763
MSMEG_0132	0.2074	0.1556	0.3852	0.2519
MSMEG_0133	0.1613	0.2419	0.3387	0.2581
MSMEG_0140	0.2178	0.1188	0.3366	0.3267
MSMEG_0142	0.2252	0.1441	0.2973	0.3333
MSMEG_0143	0.2544	0.1237	0.2898	0.3322
MSMEG_0145	0.2016	0.1783	0.3023	0.3178
MSMEG_0152	0.25	0.1429	0.2857	0.3214
MSMEG_0153	0.2857	0.1905	0.3214	0.2024
MSMEG_0155	0.3056	0.1389	0.2778	0.2778
MSMEG_0166	0.2857	0.0714	0.2857	0.3571
MSMEG_0167	0.1983	0.2149	0.2645	0.3223
MSMEG_0168	0.1895	0.2105	0.3684	0.2316
MSMEG_0173	0.1083	0.1833	0.325	0.3833
MSMEG_0174	0.2098	0.1689	0.2834	0.3379
MSMEG_0179	0.2414	0.069	0.3103	0.3793
MSMEG_0181	0.3103	0.1379	0.3103	0.2414
MSMEG_0186	0.3696	0.1957	0.1957	0.2391
MSMEG_0191	0.16	0.15	0.4	0.29
MSMEG_0194	0.15	0.225	0.475	0.15
MSMEG_0195	0.1864	0.1557	0.2873	0.3706
MSMEG_0203	0.2243	0.1869	0.4206	0.1682
MSMEG_0206	0.4545	0.0909	0.3636	0.0909
MSMEG_0208	0.175	0.075	0.475	0.275
MSMEG_0210	0.162	0.2011	0.3268	0.3101
MSMEG_0218	0.3667	0.0333	0.3	0.3
MSMEG_0222	0.2895	0.2105	0.2632	0.2368
MSMEG_0226	0.1786	0.1429	0.3071	0.3714
MSMEG_0227	0.1975	0.1605	0.4198	0.2222
MSMEG_0228	0.0909	0.2727	0.6364	0
MSMEG_0232	0.3333	0	0	0.6667
MSMEG_0233	0.1818	0.2727	0.3182	0.2273
MSMEG_0240	0.1943	0.1371	0.3886	0.28
MSMEG_0241	0.2754	0.1159	0.3188	0.2899
MSMEG_0242	0.1729	0.2196	0.3084	0.2991
MSMEG_0243	0.1807	0.2289	0.2892	0.3012
MSMEG_0245	0.169	0.2042	0.3169	0.3099
MSMEG_0250	0.1926	0.1838	0.3282	0.2954
MSMEG_0253	0.1959	0.2165	0.268	0.3196
MSMEG_0254	0	0	0.6	0.4
MSMEG_0255	0.2615	0.1846	0.3231	0.2308
MSMEG_0264	0.1344	0.1774	0.3978	0.2903
MSMEG_0268	0.1481	0.1481	0.4815	0.2222
MSMEG_0270	0.2069	0.1379	0.3621	0.2931
MSMEG_0282	0.1912	0.1176	0.2647	0.4265
MSMEG_0285	0.2222	0.1111	0.4444	0.2222
MSMEG_0290	0.2368	0.1316	0.3289	0.3026
MSMEG_0296	0.2381	0	0.4762	0.2857
MSMEG_0299	0.2154	0.0923	0.3231	0.3692
MSMEG_0300	0.1667	0.1667	0.3889	0.2778
MSMEG_0303	0.3125	0.1875	0.4375	0.0625
MSMEG_0305	0.2647	0.1471	0.2353	0.3529
MSMEG_0309	0.2571	0.2571	0.3429	0.1429
MSMEG_0311	0	0	1.0	0
MSMEG_0314	0.1786	0.25	0.1786	0.3929
MSMEG_0317	0.2069	0.1552	0.3793	0.2586
MSMEG_0321	0.2045	0.0909	0.5	0.2045
MSMEG_0331	0.25	0.2143	0.2143	0.3214
MSMEG_0341	0.25	0.1532	0.2661	0.3306
MSMEG_0343	0	0	0.5	0.5
MSMEG_0348	0.2534	0.1849	0.274	0.2877
MSMEG_0358	0.2069	0.2069	0.2759	0.3103
MSMEG_0359	0.118	0.2022	0.3539	0.3258
MSMEG_0363	0.125	0.375	0.125	0.375
MSMEG_0366	0.1707	0.122	0.4146	0.2927
MSMEG_0368	0.25	0.0938	0.4062	0.25
MSMEG_0372	0.3529	0.0882	0.3529	0.2059
MSMEG_0376	0.1622	0.2162	0.2703	0.3514
MSMEG_0380	0.1429	0.2143	0.3571	0.2857
MSMEG_0381	0.2647	0.1471	0.2353	0.3529
MSMEG_0382	0.1567	0.2212	0.318	0.3041
MSMEG_0383	0.2049	0.2623	0.3115	0.2213
MSMEG_0384	0.2619	0.131	0.25	0.3571
MSMEG_0386	0.3333	0	0	0.6667
MSMEG_0387	0.1871	0.2302	0.2734	0.3094
MSMEG_0388	0.2328	0.2328	0.2931	0.2414
MSMEG_0392	0.16	0.2533	0.3133	0.2733
MSMEG_0398	0.2	0.2148	0.4074	0.1778
MSMEG_0399	0.2469	0.2099	0.2963	0.2469
MSMEG_0402	0.241	0.2052	0.2834	0.2704
MSMEG_0404	0.3571	0	0.4286	0.2143
MSMEG_0406	0.2619	0.2262	0.2976	0.2143
MSMEG_0408	0.2025	0.1646	0.3418	0.2911
MSMEG_0409	0.1864	0.1186	0.4068	0.2881
MSMEG_0410	0.189	0.1911	0.2967	0.3232
MSMEG_0411	0.2623	0.1639	0.2295	0.3443
MSMEG_0412	0.2143	0.1429	0.4643	0.1786
MSMEG_0413	0.3333	0	0	0.6667
MSMEG_0415	0	0.6667	0.3333	0
MSMEG_0416	0.4062	0.0625	0.25	0.2812
MSMEG_0419	0.2345	0.114	0.2997	0.3518
MSMEG_0420	0.2308	0.1154	0.2692	0.3846
MSMEG_0422	0.1316	0.1842	0.5	0.1842
MSMEG_0428	0.176	0.1674	0.309	0.3476
MSMEG_0429	0.2198	0.1209	0.3187	0.3407
MSMEG_0433	0.1383	0.1879	0.3369	0.3369
MSMEG_0443	0.2174	0.3913	0.2174	0.1739
MSMEG_0447	0.3488	0.2093	0.2558	0.186
MSMEG_0449	0.2162	0.2162	0.2973	0.2703
MSMEG_0450	0.1767	0.1609	0.3533	0.3091
MSMEG_0451	0.2581	0.1613	0.3871	0.1935
MSMEG_0453	0.3448	0.1034	0.2414	0.3103
MSMEG_0455	0.1667	0.1212	0.3636	0.3485
MSMEG_0457	0.2941	0.1471	0.2353	0.3235
MSMEG_0462	0.2	0.12	0.46	0.22
MSMEG_0465	0.32	0.16	0.28	0.24
MSMEG_0466	0.25	0.2188	0.2188	0.3125
MSMEG_0473	0.1928	0.1807	0.3735	0.253
MSMEG_0480	0.4	0	0.4	0.2
MSMEG_0484	0.1531	0.1633	0.3333	0.3503
MSMEG_0493	0.3947	0.0789	0.2632	0.2632
MSMEG_0494	0.3784	0.0811	0.2973	0.2432
MSMEG_0499	0.1923	0.0962	0.3462	0.3654
MSMEG_0500	0.1852	0.1235	0.3704	0.321
MSMEG_0504	0.2742	0.129	0.2903	0.3065
MSMEG_0519	0.3333	0.1333	0.4	0.1333
MSMEG_0520	0.25	0.0714	0.4286	0.25
MSMEG_0530	0.2208	0.2078	0.3377	0.2338
MSMEG_0531	0.2028	0.1321	0.2689	0.3962
MSMEG_0537	0.2216	0.1289	0.3144	0.3351
MSMEG_0539	0.3056	0.1667	0.3611	0.1667
MSMEG_0540	0.1579	0.2105	0.4211	0.2105
MSMEG_0545	0.2157	0.1765	0.3333	0.2745
MSMEG_0547	0.125	0.375	0.5	0
MSMEG_0549	0.2063	0.139	0.3767	0.278
MSMEG_0557	0.1752	0.2117	0.2409	0.3723
MSMEG_0559	0.25	0.2955	0.2955	0.1591
MSMEG_0560	0.2679	0.0714	0.3393	0.3214
MSMEG_0566	0.1692	0.1077	0.4462	0.2769
MSMEG_0572	0.1406	0.1406	0.2344	0.4844
MSMEG_0574	0.1846	0.2077	0.3385	0.2692
MSMEG_0575	0.2019	0.25	0.3269	0.2212
MSMEG_0581	0.36	0.08	0.2	0.36
MSMEG_0583	0.1081	0.1802	0.3784	0.3333
MSMEG_0586	0.2957	0.1565	0.2609	0.287
MSMEG_0595	0.2632	0.2105	0.3158	0.2105
MSMEG_0596	0.25	0.1618	0.2647	0.3235
MSMEG_0600	0.2188	0.1667	0.3229	0.2917
MSMEG_0602	0.2073	0.1829	0.2866	0.3232
MSMEG_0603	0.2174	0.2174	0.3043	0.2609
MSMEG_0605	0.2066	0.1529	0.2769	0.3636
MSMEG_0606	0.2093	0.2558	0.3023	0.2326
MSMEG_0608	0.1277	0.2128	0.4043	0.2553
MSMEG_0615	0.1842	0.1491	0.3684	0.2982
MSMEG_0623	0.239	0.122	0.2732	0.3659
MSMEG_0638	0	0.6667	0.3333	0
MSMEG_0641	0.2067	0.2	0.2667	0.3267
MSMEG_0643	0.3333	0.1818	0.3333	0.1515
MSMEG_0656	0.5	0	0	0.5
MSMEG_0660	0.2581	0.0323	0.4194	0.2903
MSMEG_0661	0.2667	0.2533	0.24	0.24
MSMEG_0662	0.1503	0.1606	0.3368	0.3523
MSMEG_0663	0.25	0.175	0.375	0.2
MSMEG_0667	0.275	0.15	0.3125	0.2625
MSMEG_0671	0.2308	0.2308	0.2821	0.2564
MSMEG_0673	0.2258	0.2366	0.2796	0.2581
MSMEG_0674	0.3571	0.1905	0.2619	0.1905
MSMEG_0676	0.1739	0.2609	0.4783	0.087
MSMEG_0679	0.2102	0.2045	0.3523	0.233
MSMEG_0689	0.3472	0.125	0.2917	0.2361
MSMEG_0690	0.28	0.1733	0.28	0.2667
MSMEG_0692	0.2857	0.0714	0.3571	0.2857
MSMEG_0698	0.1842	0.2105	0.3684	0.2368
MSMEG_0700	0.1939	0.1204	0.3122	0.3735
MSMEG_0703	0.2137	0.1492	0.3669	0.2702
MSMEG_0704	0	0	1.0	0
MSMEG_0709	0.2793	0.1712	0.3063	0.2432
MSMEG_0711	0.2222	0.1111	0.5	0.1667
MSMEG_0712	0.3214	0.0714	0.3571	0.25
MSMEG_0716	0.1902	0.1924	0.2975	0.3199
MSMEG_0722	0.2437	0.2125	0.3063	0.2375
MSMEG_0726	0.15	0.2	0.55	0.1
MSMEG_0728	0.2339	0.1754	0.3275	0.2632
MSMEG_0732	0.2857	0.2286	0.2857	0.2
MSMEG_0734	0.6	0	0.4	0
MSMEG_0735	0	0	1.0	0
MSMEG_0736	0	0	1.0	0
MSMEG_0739	0.1382	0.1436	0.355	0.3631
MSMEG_0740	0.1594	0.1643	0.3382	0.3382
MSMEG_0752	0.2292	0.1562	0.3229	0.2917
MSMEG_0753	0.3214	0.0357	0.4286	0.2143
MSMEG_0758	0.1579	0.218	0.3083	0.3158
MSMEG_0759	0.2045	0.1136	0.3864	0.2955
MSMEG_0761	0	0	0.3333	0.6667
MSMEG_0764	0.1818	0.2061	0.3576	0.2545
MSMEG_0766	0	0	0.6667	0.3333
MSMEG_0776	0.4118	0	0.2353	0.3529
MSMEG_0781	0.2667	0.2	0.2444	0.2889
MSMEG_0787	0.1983	0.1294	0.3361	0.3361
MSMEG_0788	0.2692	0.1346	0.3654	0.2308
MSMEG_0791	0.2041	0.1327	0.3673	0.2959
MSMEG_0796	0.1678	0.1537	0.357	0.3215
MSMEG_0798	0.122	0.2195	0.3902	0.2683
MSMEG_0799	0.2585	0.2449	0.2721	0.2245
MSMEG_0801	0.2243	0.1869	0.4206	0.1682
MSMEG_0803	0.5	0	0	0.5
MSMEG_0806	0.1915	0.1517	0.3109	0.3458
MSMEG_0807	0.2137	0.1221	0.3053	0.3588
MSMEG_0814	0.2091	0.1545	0.3091	0.3273
MSMEG_0818	0.2333	0.1667	0.2	0.4
MSMEG_0826	0.2061	0.1576	0.3394	0.297
MSMEG_0828	0.1974	0.1711	0.3289	0.3026
MSMEG_0833	0.28	0.2	0.32	0.2
MSMEG_0839	0.1408	0.1408	0.3239	0.3944
MSMEG_0840	0.2011	0.2291	0.3128	0.257
MSMEG_0842	0.4583	0.0417	0.3333	0.1667
MSMEG_0844	0.1667	0.1795	0.3333	0.3205
MSMEG_0849	0.1957	0.1087	0.4348	0.2609
MSMEG_0855	0.2143	0.1429	0.3214	0.3214
MSMEG_0859	0.359	0.2308	0.2308	0.1795
MSMEG_0861	0	0	1.0	0
MSMEG_0862	0.1778	0.2	0.3111	0.3111
MSMEG_0866	0.3158	0.1053	0.3684	0.2105
MSMEG_0876	0.1628	0.1395	0.3023	0.3953
MSMEG_0880	0.1799	0.1367	0.3237	0.3597
MSMEG_0892	0.2066	0.1488	0.3719	0.2727
MSMEG_0894	0.2982	0.1754	0.2456	0.2807
MSMEG_0895	0.2075	0.0377	0.3208	0.434
MSMEG_0896	0.2188	0.1679	0.2799	0.3333
MSMEG_0900	0.2647	0.1765	0.3529	0.2059
MSMEG_0901	0.2512	0.1349	0.3163	0.2977
MSMEG_0909	0.2449	0.0816	0.3878	0.2857
MSMEG_0911	0.303	0.1515	0.2576	0.2879
MSMEG_0912	0.2462	0.1231	0.3846	0.2462
MSMEG_0913	0.2708	0.1562	0.2812	0.2917
MSMEG_0916	0.3929	0.1071	0.2857	0.2143
MSMEG_0918	0.2571	0.1143	0.3714	0.2571
MSMEG_0919	0.3396	0.0755	0.2358	0.3491
MSMEG_0932	0.122	0.1777	0.2857	0.4146
MSMEG_0940	0.2033	0.1585	0.3618	0.2764
MSMEG_0941	0.1517	0.1697	0.383	0.2956
MSMEG_0942	0.2115	0.1923	0.3077	0.2885
MSMEG_0944	0.1026	0.2308	0.4359	0.2308
MSMEG_0945	0.2564	0.2308	0.3077	0.2051
MSMEG_0947	0.1677	0.2112	0.4099	0.2112
MSMEG_0948	0.3023	0.093	0.3953	0.2093
MSMEG_0951	0.1641	0.1368	0.3374	0.3617
MSMEG_0952	0.2143	0.2143	0.4286	0.1429
MSMEG_0962	0.2432	0.1351	0.2973	0.3243
MSMEG_0965	0.2667	0.1852	0.3259	0.2222
MSMEG_0972	0.1763	0.1515	0.3257	0.3465
MSMEG_0974	0.2101	0.1176	0.4202	0.2521
MSMEG_0975	0.2222	0.2222	0.4444	0.1111
MSMEG_0976	0.25	0.25	0.4167	0.0833
MSMEG_0985	0.1818	0.1515	0.3939	0.2727
MSMEG_0986	0.3333	0.0303	0.303	0.3333
MSMEG_0987	0.2571	0.2	0.4	0.1429
MSMEG_0990	0.1905	0.0952	0.381	0.3333
MSMEG_0991	0.1468	0.1988	0.3486	0.3058
MSMEG_0999	0.2	0.1636	0.2909	0.3455
MSMEG_1002	0.2243	0.1869	0.4206	0.1682
MSMEG_1003	0.1737	0.2239	0.332	0.2703
MSMEG_1005	0.3333	0.0833	0.25	0.3333
MSMEG_1007	0.1818	0.0909	0.4545	0.2727
MSMEG_1008	0.1897	0.2069	0.2931	0.3103
MSMEG_1012	0.325	0.175	0.225	0.275
MSMEG_1017	0.2039	0.1505	0.3204	0.3252
MSMEG_1019	0.2759	0.0862	0.2414	0.3966
MSMEG_1023	0.1705	0.1591	0.3295	0.3409
MSMEG_1025	0.2308	0.1846	0.2923	0.2923
MSMEG_1027	0.1176	0.2059	0.3382	0.3382
MSMEG_1028	0.3462	0.1154	0.2308	0.3077
MSMEG_1030	0.2698	0.1111	0.2698	0.3492
MSMEG_1033	0.2545	0.1273	0.3636	0.2545
MSMEG_1034	0	0	1.0	0
MSMEG_1037	0.2126	0.1969	0.315	0.2756
MSMEG_1051	0.1538	0.1731	0.4231	0.25
MSMEG_1052	0.3478	0.1739	0.2826	0.1957
MSMEG_1053	0.2667	0.1778	0.2	0.3556
MSMEG_1058	0.1923	0.1923	0.4231	0.1923
MSMEG_1060	0.3871	0.129	0.2581	0.2258
MSMEG_1062	0.185	0.1442	0.3417	0.3292
MSMEG_1063	0.1389	0.1667	0.2778	0.4167
MSMEG_1065	0.1522	0.1739	0.3043	0.3696
MSMEG_1074	0.2273	0.2727	0.3182	0.1818
MSMEG_1076	0.2619	0.1667	0.3333	0.2381
MSMEG_1082	0.2432	0.1081	0.4595	0.1892
MSMEG_1089	0.1456	0.1262	0.3786	0.3495
MSMEG_1112	0.1739	0.1087	0.3478	0.3696
MSMEG_1114	0.3333	0.1667	0.375	0.125
MSMEG_1116	0.25	0.3056	0.1944	0.25
MSMEG_1118	0.2941	0.1765	0.2059	0.3235
MSMEG_1134	0.2449	0.2449	0.3061	0.2041
MSMEG_1138	0.2419	0.1935	0.3226	0.2419
MSMEG_1139	0.3204	0.1748	0.301	0.2039
MSMEG_1141	0.1714	0.1857	0.4286	0.2143
MSMEG_1153	0.2292	0.125	0.3125	0.3333
MSMEG_1165	0.3208	0.0755	0.3208	0.283
MSMEG_1167	0.2195	0.1951	0.3415	0.2439
MSMEG_1168	0.2353	0.1961	0.3725	0.1961
MSMEG_1169	0.2154	0.1692	0.2769	0.3385
MSMEG_1174	0.3182	0.1818	0.2273	0.2727
MSMEG_1176	0	0.2	0.4	0.4
MSMEG_1177	0.1515	0.197	0.303	0.3485
MSMEG_1184	0.1429	0	0.8571	0
MSMEG_1185	0.2564	0.2821	0.2051	0.2564
MSMEG_1188	0.3333	0.0667	0.3333	0.2667
MSMEG_1189	0.2022	0.1798	0.3483	0.2697
MSMEG_1191	0.3438	0.0312	0.3125	0.3125
MSMEG_1193	0.1889	0.1922	0.2866	0.3322
MSMEG_1195	0.2692	0.1538	0.3846	0.1923
MSMEG_1199	0.375	0	0.4375	0.1875
MSMEG_1200	0.2955	0.1136	0.2955	0.2955
MSMEG_1201	0.3846	0	0.3846	0.2308
MSMEG_1204	0.3176	0.1294	0.3059	0.2471
MSMEG_1205	0.1786	0.2143	0.3393	0.2679
MSMEG_1206	0.2308	0.1026	0.2564	0.4103
MSMEG_1207	0.2144	0.151	0.3282	0.3063
MSMEG_1211	0.2	0.0833	0.2333	0.4833
MSMEG_1212	0.3898	0.0678	0.2542	0.2881
MSMEG_1220	0.2252	0.1656	0.2583	0.351
MSMEG_1223	0.2134	0.1825	0.2956	0.3085
MSMEG_1236	0.2667	0.1111	0.3333	0.2889
MSMEG_1238	0.2234	0.218	0.3188	0.2398
MSMEG_1240	0.2527	0.1703	0.2527	0.3242
MSMEG_1242	0.1781	0.2429	0.3117	0.2672
MSMEG_1245	0.3538	0.1077	0.2615	0.2769
MSMEG_1246	0.2397	0.1798	0.3285	0.2521
MSMEG_1247	0.2335	0.1976	0.3024	0.2665
MSMEG_1251	0.2	0.175	0.4	0.225
MSMEG_1253	0.2303	0.1893	0.3186	0.2618
MSMEG_1255	0.2267	0.2133	0.3467	0.2133
MSMEG_1257	0.2243	0.1869	0.4206	0.1682
MSMEG_1258	0.2135	0.1938	0.2893	0.3034
MSMEG_1260	0.381	0	0.4286	0.1905
MSMEG_1262	0.2591	0.1694	0.3355	0.2359
MSMEG_1263	0.1934	0.1852	0.2963	0.3251
MSMEG_1264	0.1667	0.1825	0.3452	0.3056
MSMEG_1268	0.3333	0	0.3333	0.3333
MSMEG_1270	0.169	0.1549	0.4648	0.2113
MSMEG_1272	0.1769	0.1156	0.3605	0.3469
MSMEG_1274	0.2439	0.0976	0.4146	0.2439
MSMEG_1275	0.1622	0.1622	0.4324	0.2432
MSMEG_1289	0.2162	0.1486	0.3378	0.2973
MSMEG_1292	0.2051	0.1538	0.359	0.2821
MSMEG_1295	0.2289	0.1205	0.3614	0.2892
MSMEG_1296	0.1579	0.1895	0.3158	0.3368
MSMEG_1300	0.1489	0.2553	0.3404	0.2553
MSMEG_1311	0.1667	0.1111	0.3704	0.3519
MSMEG_1313	0.201	0.1495	0.2938	0.3557
MSMEG_1314	0.2759	0.0345	0.3448	0.3448
MSMEG_1316	0.3333	0	0.3333	0.3333
MSMEG_1317	0.3333	0	0	0.6667
MSMEG_1322	0.2414	0.2069	0.2241	0.3276
MSMEG_1339	0.2969	0.0781	0.3125	0.3125
MSMEG_1344	0.2742	0.1613	0.371	0.1935
MSMEG_1346	0.4706	0.0588	0.2941	0.1765
MSMEG_1350	0.2162	0.2162	0.3784	0.1892
MSMEG_1351	0.1233	0.1918	0.3973	0.2877
MSMEG_1356	0.2516	0.1447	0.2893	0.3145
MSMEG_1361	0.1473	0.1661	0.3354	0.3511
MSMEG_1364	0.1833	0.2	0.3125	0.3042
MSMEG_1366	0.2589	0.1607	0.375	0.2054
MSMEG_1367	0.1923	0.1978	0.2802	0.3297
MSMEG_1369	0.1905	0.0952	0.5714	0.1429
MSMEG_1370	0.32	0.08	0.34	0.26
MSMEG_1375	0.1471	0.2647	0.3824	0.2059
MSMEG_1376	0.2727	0.1818	0.2727	0.2727
MSMEG_1379	0.2273	0	0.5455	0.2273
MSMEG_1381	0.1321	0.217	0.3774	0.2736
MSMEG_1392	0.2812	0.0312	0.2188	0.4688
MSMEG_1394	0.2703	0.1622	0.3514	0.2162
MSMEG_1397	0.2143	0.0893	0.3571	0.3393
MSMEG_1398	0.2613	0.1156	0.3216	0.3015
MSMEG_1401	0.3797	0.1013	0.1772	0.3418
MSMEG_1402	0.3	0.2667	0.3	0.1333
MSMEG_1403	0.2093	0.2093	0.4186	0.1628
MSMEG_1404	0.1739	0.2236	0.354	0.2484
MSMEG_1405	0.2243	0.1869	0.4206	0.1682
MSMEG_1410	0.35	0.05	0.4	0.2
MSMEG_1415	0.2368	0.2632	0.2895	0.2105
MSMEG_1419	0	0	1.0	0
MSMEG_1423	0.1661	0.1728	0.3156	0.3455
MSMEG_1426	0.2063	0.127	0.3651	0.3016
MSMEG_1429	0.2222	0.1667	0.3611	0.25
MSMEG_1430	0.1727	0.2545	0.3545	0.2182
MSMEG_1433	0.1538	0.2228	0.2891	0.3342
MSMEG_1434	0.1889	0.1667	0.3611	0.2833
MSMEG_1435	0.2022	0.1372	0.3538	0.3069
MSMEG_1440	0.1894	0.1063	0.3654	0.3389
MSMEG_1442	0.2075	0.1069	0.3522	0.3333
MSMEG_1446	0.2105	0.148	0.3355	0.3059
MSMEG_1448	0.1848	0.2609	0.2826	0.2717
MSMEG_1451	0.186	0.186	0.3953	0.2326
MSMEG_1455	0.1989	0.1667	0.3118	0.3226
MSMEG_1456	0.2768	0.1339	0.3393	0.25
MSMEG_1457	0.2941	0.0588	0.3824	0.2647
MSMEG_1465	0.2074	0.2222	0.3111	0.2593
MSMEG_1466	0.2456	0.2105	0.3158	0.2281
MSMEG_1468	0.1692	0.1538	0.3692	0.3077
MSMEG_1470	0.1823	0.1709	0.3219	0.3248
MSMEG_1471	0.3093	0.1237	0.3505	0.2165
MSMEG_1472	0.2667	0.1333	0.4	0.2
MSMEG_1473	0.1552	0.1034	0.4138	0.3276
MSMEG_1479	0.1875	0.2125	0.3125	0.2875
MSMEG_1482	0.1975	0.2222	0.3333	0.2469
MSMEG_1483	0.2063	0.1587	0.3333	0.3016
MSMEG_1487	0.2082	0.1536	0.314	0.3242
MSMEG_1494	0.1627	0.1714	0.3275	0.3384
MSMEG_1496	0.1798	0.1236	0.3708	0.3258
MSMEG_1498	0.2182	0.2182	0.2182	0.3455
MSMEG_1501	0.1618	0.1912	0.4265	0.2206
MSMEG_1502	0.2112	0.1553	0.354	0.2795
MSMEG_1513	0.1613	0.1419	0.3032	0.3935
MSMEG_1514	0.181	0.2	0.3143	0.3048
MSMEG_1516	0.1765	0.0882	0.2059	0.5294
MSMEG_1518	0.1789	0.1368	0.3368	0.3474
MSMEG_1520	0.3478	0.1087	0.2826	0.2609
MSMEG_1521	0.2	0	0.2	0.6
MSMEG_1522	0.2292	0.0972	0.3194	0.3542
MSMEG_1523	0.2125	0.13	0.325	0.3325
MSMEG_1524	0.2123	0.1473	0.3219	0.3185
MSMEG_1525	0.2257	0.144	0.2918	0.3385
MSMEG_1530	0.2791	0.2558	0.2558	0.2093
MSMEG_1531	0.2316	0.2316	0.3263	0.2105
MSMEG_1540	0.1204	0.25	0.2685	0.3611
MSMEG_1542	0.1772	0.1266	0.4177	0.2785
MSMEG_1543	0.2667	0.2	0.2	0.3333
MSMEG_1544	0.2376	0.1915	0.2695	0.3014
MSMEG_1546	0.2037	0.1667	0.3519	0.2778
MSMEG_1553	0.2615	0.1231	0.3231	0.2923
MSMEG_1556	0.2231	0.124	0.3554	0.2975
MSMEG_1557	0.2216	0.1449	0.2898	0.3438
MSMEG_1558	0.1995	0.2284	0.2957	0.2764
MSMEG_1559	0.2186	0.1302	0.3163	0.3349
MSMEG_1573	0.2	0.1	0.4667	0.2333
MSMEG_1574	0.1915	0.1489	0.3191	0.3404
MSMEG_1575	0.3077	0.2308	0.3846	0.0769
MSMEG_1577	0.1771	0.1486	0.3771	0.2971
MSMEG_1580	0.206	0.1373	0.3254	0.3313
MSMEG_1582	0.2077	0.1385	0.3308	0.3231
MSMEG_1583	0.1757	0.2027	0.3176	0.3041
MSMEG_1585	0.194	0.1692	0.3284	0.3085
MSMEG_1589	0.2025	0.1779	0.2802	0.3395
MSMEG_1596	0.2615	0.2308	0.2769	0.2308
MSMEG_1597	0.2211	0.1895	0.2842	0.3053
MSMEG_1599	0.1897	0.1897	0.3362	0.2845
MSMEG_1602	0.125	0.175	0.25	0.45
MSMEG_1603	0.2459	0.1475	0.2623	0.3443
MSMEG_1604	0.2255	0.2451	0.2549	0.2745
MSMEG_1608	0.1327	0.1493	0.3839	0.3341
MSMEG_1609	0.3929	0.1071	0.2857	0.2143
MSMEG_1618	0.2424	0.1439	0.3182	0.2955
MSMEG_1620	0.2453	0.2642	0.3208	0.1698
MSMEG_1629	0.2	0.1333	0.5333	0.1333
MSMEG_1632	0.2596	0.1346	0.3558	0.25
MSMEG_1633	0.1475	0.1578	0.3689	0.3258
MSMEG_1634	0.1538	0.1795	0.3462	0.3205
MSMEG_1636	0	0	1.0	0
MSMEG_1637	0.1696	0.1607	0.308	0.3616
MSMEG_1638	0.2164	0.1194	0.3209	0.3433
MSMEG_1640	0.1928	0.1867	0.3554	0.2651
MSMEG_1642	0	0	1.0	0
MSMEG_1646	0.1311	0.1639	0.2787	0.4262
MSMEG_1652	0.1562	0.1719	0.3219	0.35
MSMEG_1654	0.3684	0.0789	0.3421	0.2105
MSMEG_1657	0.3333	0	0	0.6667
MSMEG_1659	0.2603	0.0685	0.3288	0.3425
MSMEG_1661	0.1579	0.2105	0.3684	0.2632
MSMEG_1662	0.2079	0.186	0.302	0.3042
MSMEG_1672	0.1905	0.1746	0.3651	0.2698
MSMEG_1673	0.2586	0.2155	0.3103	0.2155
MSMEG_1675	0.2857	0.0952	0.2381	0.381
MSMEG_1680	0.1907	0.1662	0.3351	0.3079
MSMEG_1682	0.3667	0.1667	0.2667	0.2
MSMEG_1683	0.283	0.1132	0.2642	0.3396
MSMEG_1685	0.1637	0.1239	0.3628	0.3496
MSMEG_1689	0.1828	0.1376	0.3265	0.3532
MSMEG_1698	0.2073	0.2561	0.4512	0.0854
MSMEG_1717	0.2	0.2	0.6	0
MSMEG_1719	0.2105	0.1378	0.2682	0.3835
MSMEG_1722	0.1481	0.2222	0.3704	0.2593
MSMEG_1723	0.2	0.1091	0.2545	0.4364
MSMEG_1726	0.2342	0.1139	0.3101	0.3418
MSMEG_1728	0.2079	0.2211	0.3605	0.2105
MSMEG_1729	0.125	0.375	0.5	0
MSMEG_1732	0.1324	0.1765	0.4118	0.2794
MSMEG_1733	0.2064	0.1744	0.2598	0.3594
MSMEG_1738	0.2265	0.1768	0.2818	0.3149
MSMEG_1741	1.0	0	0	0
MSMEG_1744	0.3333	0	0.4444	0.2222
MSMEG_1751	1.0	0	0	0
MSMEG_1770	0.3393	0.1071	0.25	0.3036
MSMEG_1773	0.2402	0.1508	0.2626	0.3464
MSMEG_1778	0.1604	0.1754	0.306	0.3582
MSMEG_1782	0.2217	0.1085	0.3443	0.3255
MSMEG_1786	0.2164	0.2015	0.3134	0.2687
MSMEG_1791	0.2619	0.0476	0.4048	0.2857
MSMEG_1799	0.2453	0.2453	0.3396	0.1698
MSMEG_1801	0.1868	0.1592	0.3482	0.3057
MSMEG_1802	0.3148	0.1111	0.3889	0.1852
MSMEG_1803	0.3333	0.1667	0.2778	0.2222
MSMEG_1804	0.2015	0.1716	0.3507	0.2761
MSMEG_1805	0.2045	0.1487	0.3309	0.316
MSMEG_1807	0.3043	0.2391	0.2609	0.1957
MSMEG_1812	0.2047	0.1404	0.3099	0.345
MSMEG_1821	0.3158	0.0526	0.4211	0.2105
MSMEG_1822	0.192	0.168	0.328	0.312
MSMEG_1831	0.2164	0.2388	0.3358	0.209
MSMEG_1834	0.2692	0.2692	0.1923	0.2692
MSMEG_1836	0.1898	0.2044	0.3358	0.2701
MSMEG_1838	0.3438	0.0625	0.375	0.2188
MSMEG_1839	0.2857	0.2	0.3143	0.2
MSMEG_1854	0.2727	0.0909	0.5455	0.0909
MSMEG_1861	0.2953	0.1088	0.2176	0.3782
MSMEG_1862	0.2342	0.1139	0.3101	0.3418
MSMEG_1863	0.2325	0.1754	0.3026	0.2895
MSMEG_1868	0.125	0.375	0.1875	0.3125
MSMEG_1869	0.2368	0.1842	0.1842	0.3947
MSMEG_1870	0.3125	0.2188	0.2812	0.1875
MSMEG_1872	0.1515	0.2121	0.4242	0.2121
MSMEG_1875	0.1728	0.1728	0.3821	0.2724
MSMEG_1880	0.1273	0.2727	0.2182	0.3818
MSMEG_1881	0.3167	0.1167	0.25	0.3167
MSMEG_1882	0.1765	0.1471	0.3824	0.2941
MSMEG_1883	0.3333	0	0	0.6667
MSMEG_1886	0.3125	0.125	0.4375	0.125
MSMEG_1887	0.2308	0.2308	0.3077	0.2308
MSMEG_1895	0.2593	0.4444	0.1481	0.1481
MSMEG_1902	0.2647	0.1471	0.1765	0.4118
MSMEG_1905	0.2727	0.0909	0.3636	0.2727
MSMEG_1914	0.1778	0.2111	0.4111	0.2
MSMEG_1916	0.2759	0.2414	0.2759	0.2069
MSMEG_1917	0.3077	0.0769	0.5	0.1154
MSMEG_1918	0.1773	0.1596	0.3723	0.2908
MSMEG_1919	0.2921	0.2022	0.2584	0.2472
MSMEG_1929	0.1811	0.0968	0.3052	0.4169
MSMEG_1930	0.1928	0.1839	0.3049	0.3184
MSMEG_1932	0.2903	0.129	0.3548	0.2258
MSMEG_1933	0.1311	0.161	0.3446	0.3633
MSMEG_1934	0.3556	0.0667	0.3556	0.2222
MSMEG_1935	0.2931	0.1552	0.2931	0.2586
MSMEG_1937	0.1667	0.2576	0.4242	0.1515
MSMEG_1945	0.1636	0.2	0.3273	0.3091
MSMEG_1947	0.3333	0.3333	0	0.3333
MSMEG_1949	0.1807	0.1446	0.3614	0.3133
MSMEG_1953	0.1986	0.164	0.2933	0.3441
MSMEG_1955	0.2261	0.1391	0.3391	0.2957
MSMEG_1960	0.2006	0.1847	0.3248	0.2898
MSMEG_1966	0.3571	0.1667	0.2619	0.2143
MSMEG_1969	0.2	0.1667	0.3333	0.3
MSMEG_1976	0.2143	0.1357	0.3286	0.3214
MSMEG_1981	0.2963	0.1481	0.2963	0.2593
MSMEG_1985	0.2903	0.129	0.3226	0.2581
MSMEG_1986	0.1707	0.1463	0.439	0.2439
MSMEG_1989	0.1353	0.1815	0.363	0.3201
MSMEG_1991	0.4	0.05	0.4	0.15
MSMEG_1996	0	0	0.75	0.25
MSMEG_1999	0.2857	0.0779	0.3377	0.2987
MSMEG_2000	0.3676	0.1324	0.2059	0.2941
MSMEG_2002	0.2243	0.1869	0.4206	0.1682
MSMEG_2007	0.194	0.1343	0.3134	0.3582
MSMEG_2009	0.1562	0.25	0.4375	0.1562
MSMEG_2010	0.2597	0.1558	0.2857	0.2987
MSMEG_2011	0.2308	0.1538	0.3846	0.2308
MSMEG_2017	0.2	0.24	0.28	0.28
MSMEG_2019	0.2771	0.1928	0.3012	0.2289
MSMEG_2021	0.2093	0.1395	0.2558	0.3953
MSMEG_2029	0.4286	0.0952	0.2857	0.1905
MSMEG_2033	0.3182	0.1364	0.2727	0.2727
MSMEG_2039	0.2632	0.1053	0.4737	0.1579
MSMEG_2042	0.2432	0.2162	0.3784	0.1622
MSMEG_2043	0	0.6667	0.3333	0
MSMEG_2044	0.2045	0.197	0.2727	0.3258
MSMEG_2045	0.1183	0.1834	0.3609	0.3373
MSMEG_2049	0.4737	0.0526	0.2632	0.2105
MSMEG_2072	0.2195	0.0894	0.3252	0.3659
MSMEG_2074	0.1919	0.1279	0.3372	0.343
MSMEG_2075	0.1636	0.2364	0.1818	0.4182
MSMEG_2078	0.2245	0.1701	0.3061	0.2993
MSMEG_2080	0.1702	0.1454	0.344	0.3404
MSMEG_2081	0.2762	0.0952	0.2476	0.381
MSMEG_2087	0.3297	0.1209	0.3077	0.2418
MSMEG_2091	0.2692	0.1923	0.3846	0.1538
MSMEG_2092	0.2286	0.1714	0.4	0.2
MSMEG_2103	0.2027	0.1757	0.3581	0.2635
MSMEG_2105	0.1908	0.2061	0.2824	0.3206
MSMEG_2106	0.24	0.16	0.44	0.16
MSMEG_2107	0.1739	0.1739	0.3261	0.3261
MSMEG_2108	0.2619	0.3095	0.2857	0.1429
MSMEG_2111	0.2471	0.1882	0.3412	0.2235
MSMEG_2116	0.25	0.125	0.3958	0.2292
MSMEG_2117	0.4	0.05	0.3	0.25
MSMEG_2124	0.2152	0.2152	0.2405	0.3291
MSMEG_2125	0.2222	0.1556	0.3778	0.2444
MSMEG_2128	0.6667	0	0	0.3333
MSMEG_2142	0.375	0.0417	0.4167	0.1667
MSMEG_2149	0.0882	0.1765	0.3235	0.4118
MSMEG_2157	0.2295	0.1475	0.4098	0.2131
MSMEG_2162	0.1768	0.189	0.3659	0.2683
MSMEG_2164	0.1795	0.1923	0.4103	0.2179
MSMEG_2173	0.2941	0.1765	0.4706	0.0588
MSMEG_2174	0.2283	0.1522	0.3587	0.2609
MSMEG_2179	0.6667	0	0	0.3333
MSMEG_2189	0.1975	0.1176	0.3403	0.3445
MSMEG_2191	0.24	0.08	0.4	0.28
MSMEG_2195	0.1935	0.2097	0.3226	0.2742
MSMEG_2196	0.1862	0.1655	0.3517	0.2966
MSMEG_2197	0.1468	0.1911	0.3213	0.3407
MSMEG_2198	0.1748	0.165	0.301	0.3592
MSMEG_2199	0.2083	0.1528	0.3194	0.3194
MSMEG_2201	0.1864	0.2034	0.339	0.2712
MSMEG_2202	0.3333	0.0556	0.2778	0.3333
MSMEG_2204	0.2214	0.1298	0.3282	0.3206
MSMEG_2205	0.2895	0.1842	0.2368	0.2895
MSMEG_2206	0.234	0.1277	0.4043	0.234
MSMEG_2211	0.2941	0.1176	0.3529	0.2353
MSMEG_2224	0.3684	0.2632	0.2105	0.1579
MSMEG_2225	0.1613	0.1774	0.3468	0.3145
MSMEG_2226	0.185	0.1803	0.3185	0.3162
MSMEG_2227	0.2195	0.1463	0.3902	0.2439
MSMEG_2245	0.4118	0	0.3529	0.2353
MSMEG_2259	0.3611	0.0556	0.3611	0.2222
MSMEG_2261	0.2414	0.1034	0.4138	0.2414
MSMEG_2268	0.2215	0.1477	0.3087	0.3221
MSMEG_2272	0.2759	0.069	0.3448	0.3103
MSMEG_2273	0.1667	0.0926	0.3704	0.3704
MSMEG_2280	0.1887	0.0566	0.3962	0.3585
MSMEG_2282	0.2243	0.1869	0.4206	0.1682
MSMEG_2284	0.175	0.2	0.375	0.25
MSMEG_2287	0.1818	0.0909	0.4545	0.2727
MSMEG_2288	0.1897	0.2069	0.2931	0.3103
MSMEG_2289	0.3148	0.1296	0.2407	0.3148
MSMEG_2292	0.325	0.175	0.225	0.275
MSMEG_2297	0.2039	0.1505	0.3204	0.3252
MSMEG_2303	0.1705	0.1591	0.3295	0.3409
MSMEG_2307	0.1176	0.2059	0.3382	0.3382
MSMEG_2308	0.3462	0.1154	0.2308	0.3077
MSMEG_2310	0.2698	0.1111	0.2698	0.3492
MSMEG_2313	0.2545	0.1273	0.3636	0.2545
MSMEG_2314	0	0	1.0	0
MSMEG_2317	0.2126	0.1969	0.315	0.2756
MSMEG_2331	0.1538	0.1731	0.4231	0.25
MSMEG_2332	0.3478	0.1739	0.2826	0.1957
MSMEG_2333	0.2667	0.1778	0.2	0.3556
MSMEG_2338	0.1923	0.1923	0.4231	0.1923
MSMEG_2349	0.1632	0.154	0.3172	0.3655
MSMEG_2351	0.2255	0.1667	0.3333	0.2745
MSMEG_2352	0.3056	0.1528	0.2222	0.3194
MSMEG_2357	0	0.6667	0.3333	0
MSMEG_2372	0.219	0.1667	0.3095	0.3048
MSMEG_2373	0.3	0.1333	0.3667	0.2
MSMEG_2387	0.2703	0.1982	0.2523	0.2793
MSMEG_2389	0.2051	0.2564	0.359	0.1795
MSMEG_2397	0.2195	0.122	0.439	0.2195
MSMEG_2398	0.2029	0.058	0.4058	0.3333
MSMEG_2400	0.127	0.3016	0.3175	0.254
MSMEG_2403	0.1111	0.2222	0.5556	0.1111
MSMEG_2405	0.2157	0.2157	0.3529	0.2157
MSMEG_2407	0.2368	0.1974	0.2763	0.2895
MSMEG_2409	0.2149	0.1653	0.3554	0.2645
MSMEG_2412	0.2889	0.2222	0.2667	0.2222
MSMEG_2416	0.3077	0.1923	0.2692	0.2308
MSMEG_2420	0.2174	0.1304	0.2609	0.3913
MSMEG_2425	0.2558	0.1395	0.2791	0.3256
MSMEG_2426	0.3125	0.1875	0.4375	0.0625
MSMEG_2427	0.161	0.1575	0.3904	0.2911
MSMEG_2435	0.2301	0.1504	0.3009	0.3186
MSMEG_2439	0.1923	0.1923	0.359	0.2564
MSMEG_2440	0.2295	0.1557	0.2951	0.3197
MSMEG_2442	0.1609	0.2069	0.3218	0.3103
MSMEG_2443	0.3659	0.0732	0.3049	0.2561
MSMEG_2449	0.2069	0.3103	0.2759	0.2069
MSMEG_2451	0.1614	0.1726	0.3296	0.3363
MSMEG_2453	0.3	0.15	0.35	0.2
MSMEG_2455	0.3793	0.1379	0.3103	0.1724
MSMEG_2456	0.2222	0.2222	0.2593	0.2963
MSMEG_2467	0.1351	0.1216	0.3243	0.4189
MSMEG_2469	0.2188	0.125	0.25	0.4062
MSMEG_2472	0.2121	0.2121	0.3636	0.2121
MSMEG_2475	0.3571	0.25	0.25	0.1429
MSMEG_2478	0.3103	0.2241	0.2759	0.1897
MSMEG_2486	0.2268	0.1856	0.2887	0.299
MSMEG_2487	0.4091	0.1136	0.1591	0.3182
MSMEG_2488	0.1707	0.1951	0.3902	0.2439
MSMEG_2490	0.2119	0.1788	0.2914	0.3179
MSMEG_2495	0.2045	0.1348	0.3348	0.3258
MSMEG_2497	0.25	0.1136	0.4091	0.2273
MSMEG_2506	0.2074	0.1475	0.3641	0.2811
MSMEG_2507	0.2273	0.2121	0.3333	0.2273
MSMEG_2511	0.2381	0.0635	0.4762	0.2222
MSMEG_2512	0.1854	0.1291	0.3808	0.3046
MSMEG_2517	0.1569	0.1176	0.2549	0.4706
MSMEG_2519	0.1277	0.1702	0.3475	0.3546
MSMEG_2520	0.1458	0.1562	0.2812	0.4167
MSMEG_2526	0.2125	0.15	0.275	0.3625
MSMEG_2527	0.24	0.16	0.44	0.16
MSMEG_2528	0.1967	0.1148	0.3115	0.377
MSMEG_2529	0.2917	0.0833	0.2917	0.3333
MSMEG_2531	0.16	0.14	0.34	0.36
MSMEG_2532	0.195	0.1572	0.3333	0.3145
MSMEG_2540	0.1754	0.1754	0.3684	0.2807
MSMEG_2541	0.2742	0.0968	0.371	0.2581
MSMEG_2542	0.2264	0.1887	0.3396	0.2453
MSMEG_2543	0.3099	0.1268	0.2676	0.2958
MSMEG_2545	0.3333	0.1667	0.3333	0.1667
MSMEG_2553	0.1827	0.1346	0.359	0.3237
MSMEG_2570	0.1893	0.1602	0.3252	0.3252
MSMEG_2571	0.1053	0.1053	0.4211	0.3684
MSMEG_2572	0.1804	0.1403	0.3096	0.3697
MSMEG_2574	0.1951	0.1057	0.3659	0.3333
MSMEG_2579	0.2289	0.1205	0.3253	0.3253
MSMEG_2581	0.172	0.172	0.3226	0.3333
MSMEG_2582	0.2	0.16	0.32	0.32
MSMEG_2584	1.0	0	0	0
MSMEG_2585	0	0	0.3333	0.6667
MSMEG_2594	0	0	1.0	0
MSMEG_2595	0.2391	0.163	0.3696	0.2283
MSMEG_2597	0.151	0.1611	0.3758	0.3121
MSMEG_2604	0.1586	0.1275	0.3484	0.3654
MSMEG_2611	0.2927	0.1463	0.2927	0.2683
MSMEG_2613	0.2432	0.1486	0.3649	0.2432
MSMEG_2624	0.2712	0.1525	0.3051	0.2712
MSMEG_2625	0.2083	0.1583	0.325	0.3083
MSMEG_2630	0.2553	0.0426	0.4894	0.2128
MSMEG_2635	0.2308	0.2	0.2154	0.3538
MSMEG_2639	0	0.4667	0.2	0.3333
MSMEG_2643	0.1825	0.1217	0.3384	0.3574
MSMEG_2645	0.197	0.1364	0.3636	0.303
MSMEG_2654	0.137	0.274	0.3699	0.2192
MSMEG_2655	0.1346	0.1743	0.3211	0.37
MSMEG_2656	0.2054	0.2093	0.3295	0.2558
MSMEG_2657	0.186	0.1488	0.3721	0.293
MSMEG_2659	0.2593	0.2222	0.2222	0.2963
MSMEG_2663	0.1782	0.2117	0.2704	0.3396
MSMEG_2668	0.1868	0.0989	0.3462	0.3681
MSMEG_2672	0.1481	0.1111	0.4444	0.2963
MSMEG_2673	0.2105	0.1378	0.2682	0.3835
MSMEG_2675	0.2	0.2	0.6	0
MSMEG_2679	0.2068	0.1806	0.3482	0.2644
MSMEG_2688	0.2	0.225	0.325	0.25
MSMEG_2693	0.1129	0.2419	0.371	0.2742
MSMEG_2694	0.25	0.0556	0.3056	0.3889
MSMEG_2695	0.3143	0.1143	0.2857	0.2857
MSMEG_2696	0.3191	0.1277	0.2553	0.2979
MSMEG_2720	0.1711	0.1316	0.3289	0.3684
MSMEG_2722	0.1739	0.1304	0.3478	0.3478
MSMEG_2723	0.2308	0.1648	0.2747	0.3297
MSMEG_2727	0.4	0.1667	0.2333	0.2
MSMEG_2731	0.1892	0.0811	0.4054	0.3243
MSMEG_2732	0.2647	0.0882	0.3235	0.3235
MSMEG_2736	0.5	0.25	0	0.25
MSMEG_2737	0.2414	0.1034	0.4138	0.2414
MSMEG_2739	0.1818	0.2045	0.4545	0.1591
MSMEG_2742	0.3059	0.2	0.2471	0.2471
MSMEG_2743	0.15	0.2	0.45	0.2
MSMEG_2746	0.1864	0.1017	0.4407	0.2712
MSMEG_2750	0.1304	0.1739	0.5217	0.1739
MSMEG_2751	0.1523	0.1371	0.3299	0.3807
MSMEG_2752	0.2143	0.1429	0.3571	0.2857
MSMEG_2755	0	0.3333	0.3333	0.3333
MSMEG_2756	0.26	0.1	0.36	0.28
MSMEG_2758	0.2602	0.1626	0.2764	0.3008
MSMEG_2760	0.1558	0.1299	0.2208	0.4935
MSMEG_2763	0.3462	0.0385	0.4615	0.1538
MSMEG_2768	0.2391	0.1304	0.4348	0.1957
MSMEG_2770	0.3043	0.1159	0.2899	0.2899
MSMEG_2771	0.1667	0.1875	0.3333	0.3125
MSMEG_2773	0.1724	0.1609	0.3563	0.3103
MSMEG_2774	0.2	0.24	0.36	0.2
MSMEG_2775	0.1071	0.1429	0.3929	0.3571
MSMEG_2778	0.1735	0.1429	0.3163	0.3673
MSMEG_2780	0	0	1.0	0
MSMEG_2785	0.1716	0.1368	0.3333	0.3582
MSMEG_2794	0.2857	0.2857	0.25	0.1786
MSMEG_2798	0.2727	0.0606	0.3333	0.3333
MSMEG_2799	0.2099	0.1713	0.2983	0.3204
MSMEG_2800	0.1731	0.1538	0.3077	0.3654
MSMEG_2804	0.1613	0.2258	0.4516	0.1613
MSMEG_2813	0	0	0.5	0.5
MSMEG_2820	0.2602	0.1378	0.3291	0.273
MSMEG_2822	0.2685	0.1782	0.3287	0.2245
MSMEG_2826	0.1786	0.1429	0.4286	0.25
MSMEG_2829	0.2243	0.1869	0.4206	0.1682
MSMEG_2840	0.3333	0	0.3333	0.3333
MSMEG_2843	0.1379	0.1655	0.2966	0.4
MSMEG_2881	0.4118	0.0588	0.2353	0.2941
MSMEG_2890	0.2165	0.1616	0.2957	0.3262
MSMEG_2895	0.2647	0.0588	0.4118	0.2647
MSMEG_2898	0.1667	0.1111	0.5833	0.1389
MSMEG_2899	0.3333	0.2083	0.2083	0.25
MSMEG_2900	0.2759	0.1379	0.2759	0.3103
MSMEG_2901	0.2653	0.0204	0.3469	0.3673
MSMEG_2911	0.1818	0.1364	0.2879	0.3939
MSMEG_2919	0.2097	0.1935	0.3226	0.2742
MSMEG_2931	0.1714	0.1714	0.2571	0.4
MSMEG_2932	0.1838	0.1243	0.373	0.3189
MSMEG_2934	0.2262	0.0714	0.3452	0.3571
MSMEG_2936	0.1503	0.1503	0.4335	0.2659
MSMEG_2937	0.3913	0.1739	0.3043	0.1304
MSMEG_2940	0.25	0.125	0.375	0.25
MSMEG_2941	0.1915	0.2128	0.3404	0.2553
MSMEG_2942	0.2857	0.0857	0.4	0.2286
MSMEG_2943	0.2083	0.25	0.375	0.1667
MSMEG_2947	0.2075	0.3019	0.2453	0.2453
MSMEG_2953	0.4211	0.0526	0.3158	0.2105
MSMEG_2956	0.2732	0.2131	0.2514	0.2623
MSMEG_2959	0.1111	0.2222	0.2222	0.4444
MSMEG_2960	0.194	0.1642	0.2985	0.3433
MSMEG_2961	0.3824	0.1176	0.2059	0.2941
MSMEG_2964	0.2162	0.1622	0.4054	0.2162
MSMEG_2965	0.1923	0.1538	0.4615	0.1923
MSMEG_2973	0.16	0.1143	0.3257	0.4
MSMEG_2974	0.2955	0.0227	0.3182	0.3636
MSMEG_2976	0.1897	0.1552	0.3161	0.3391
MSMEG_2982	0.2326	0.186	0.2791	0.3023
MSMEG_2989	0.2329	0.1644	0.3288	0.274
MSMEG_2994	0.2571	0.1429	0.2857	0.3143
MSMEG_3000	0.2619	0.0714	0.4048	0.2619
MSMEG_3003	0.2069	0.2414	0.1724	0.3793
MSMEG_3008	0.1852	0.1605	0.358	0.2963
MSMEG_3013	0.3158	0.2456	0.2281	0.2105
MSMEG_3015	0.1897	0.0862	0.4483	0.2759
MSMEG_3017	0	0	1.0	0
MSMEG_3019	0.175	0.225	0.375	0.225
MSMEG_3025	0.2119	0.1441	0.3305	0.3136
MSMEG_3029	0.1451	0.1161	0.3638	0.375
MSMEG_3033	0.3529	0.1176	0.1765	0.3529
MSMEG_3035	0.1896	0.1611	0.346	0.3033
MSMEG_3042	0.1589	0.1987	0.3245	0.3179
MSMEG_3045	0.1134	0.1134	0.3814	0.3918
MSMEG_3046	0.1411	0.1697	0.3538	0.3354
MSMEG_3050	0.2568	0.1757	0.3243	0.2432
MSMEG_3053	0.232	0.184	0.248	0.336
MSMEG_3055	0.2529	0.1724	0.3276	0.2471
MSMEG_3056	0.2	0.28	0.4	0.12
MSMEG_3057	0.1377	0.1648	0.3409	0.3567
MSMEG_3062	0.2	0.1455	0.3636	0.2909
MSMEG_3065	0.1481	0.1296	0.3843	0.338
MSMEG_3068	0.2778	0.1111	0.3148	0.2963
MSMEG_3072	0.2208	0.1688	0.3377	0.2727
MSMEG_3079	0.2548	0.121	0.3822	0.242
MSMEG_3080	0.1579	0.1228	0.4211	0.2982
MSMEG_3081	0.1655	0.1586	0.3414	0.3345
MSMEG_3082	0.225	0.125	0.375	0.275
MSMEG_3084	0.3939	0.1515	0.303	0.1515
MSMEG_3085	0.1859	0.1795	0.2949	0.3397
MSMEG_3086	0.1385	0.1731	0.3615	0.3269
MSMEG_3087	0.1667	0.1429	0.3333	0.3571
MSMEG_3095	0.2609	0.1413	0.2826	0.3152
MSMEG_3103	0.375	0.1667	0.3125	0.1458
MSMEG_3111	0.1936	0.1592	0.305	0.3422
MSMEG_3121	0.1892	0.1892	0.4054	0.2162
MSMEG_3122	0.25	0.1071	0.25	0.3929
MSMEG_3132	0.2102	0.1783	0.3312	0.2803
MSMEG_3138	0.2727	0.1818	0.2424	0.303
MSMEG_3140	0.2432	0.1081	0.3108	0.3378
MSMEG_3141	0.2	0.1667	0.4667	0.1667
MSMEG_3143	0.1778	0.1111	0.3778	0.3333
MSMEG_3145	0.1959	0.2371	0.3402	0.2268
MSMEG_3147	0.1545	0.1301	0.374	0.3415
MSMEG_3150	0.3704	0	0.4444	0.1852
MSMEG_3153	0.3333	0.3333	0	0.3333
MSMEG_3155	0.1862	0.1448	0.3862	0.2828
MSMEG_3159	0.2149	0.1405	0.3471	0.2975
MSMEG_3160	0.1503	0.1483	0.3707	0.3307
MSMEG_3161	0.1719	0.1433	0.3496	0.3352
MSMEG_3163	0.1859	0.1734	0.2915	0.3492
MSMEG_3165	0.2243	0.1869	0.4206	0.1682
MSMEG_3169	0.1948	0.1429	0.3463	0.316
MSMEG_3178	0	0.5	0	0.5
MSMEG_3180	0.3704	0.1481	0.2963	0.1852
MSMEG_3183	0.2128	0.2553	0.2766	0.2553
MSMEG_3186	0.1899	0.1899	0.3165	0.3038
MSMEG_3187	0.2857	0.2857	0.2857	0.1429
MSMEG_3189	0.1301	0.2195	0.3171	0.3333
MSMEG_3191	0.1892	0.1081	0.4595	0.2432
MSMEG_3194	0.2143	0.1667	0.3095	0.3095
MSMEG_3196	0.1496	0.122	0.3386	0.3898
MSMEG_3204	0.2381	0.1429	0.2619	0.3571
MSMEG_3215	0.1646	0.1646	0.3165	0.3544
MSMEG_3219	0.2653	0.0816	0.4286	0.2245
MSMEG_3225	0.1607	0.1607	0.3929	0.2857
MSMEG_3228	0.2281	0.1404	0.3684	0.2632
MSMEG_3233	0.2812	0.1562	0.3438	0.2188
MSMEG_3235	0.2295	0.1393	0.3852	0.2459
MSMEG_3236	0.2122	0.1295	0.3381	0.3201
MSMEG_3237	0.2222	0.1111	0.3131	0.3535
MSMEG_3247	0.1736	0.1653	0.3802	0.281
MSMEG_3248	0.1917	0.1409	0.3164	0.351
MSMEG_3249	0.2	0.1	0.45	0.25
MSMEG_3250	0.1875	0.0938	0.3438	0.375
MSMEG_3256	0.1592	0.1618	0.3634	0.3156
MSMEG_3259	0.1807	0.1446	0.3373	0.3373
MSMEG_3265	0.32	0.2	0.28	0.2
MSMEG_3275	0.1762	0.2095	0.3714	0.2429
MSMEG_3280	0.1683	0.1366	0.3	0.3951
MSMEG_3281	0.1875	0.25	0.3125	0.25
MSMEG_3283	0.2791	0.1163	0.3953	0.2093
MSMEG_3287	0.1556	0.0889	0.2889	0.4667
MSMEG_3292	0.2305	0.1235	0.3292	0.3169
MSMEG_3297	0.1687	0.1446	0.3855	0.3012
MSMEG_3304	0.1608	0.1462	0.3392	0.3538
MSMEG_3306	0.1691	0.2059	0.375	0.25
MSMEG_3308	0.1481	0.037	0.5185	0.2963
MSMEG_3312	0.1768	0.2374	0.3232	0.2626
MSMEG_3314	0.2	0.2667	0.3333	0.2
MSMEG_3317	0.1765	0.1765	0.2941	0.3529
MSMEG_3323	0.1818	0.25	0.3182	0.25
MSMEG_3325	0.2519	0.2061	0.2901	0.2519
MSMEG_3327	0.2293	0.1767	0.2444	0.3496
MSMEG_3332	0.1894	0.1515	0.3333	0.3258
MSMEG_3335	0	0	0	1.0
MSMEG_3336	0.2677	0.1414	0.2879	0.303
MSMEG_3337	0.2546	0.125	0.3333	0.287
MSMEG_3338	0.1688	0.2354	0.2875	0.3083
MSMEG_3341	0.1658	0.2211	0.3266	0.2864
MSMEG_3342	0.12	0.2267	0.4	0.2533
MSMEG_3344	0	0	1.0	0
MSMEG_3346	0.22	0.22	0.28	0.28
MSMEG_3352	0.2063	0.1667	0.2857	0.3413
MSMEG_3357	0.28	0.12	0.48	0.12
MSMEG_3359	0.25	0.1544	0.2353	0.3603
MSMEG_3361	0.3143	0.1143	0.2571	0.3143
MSMEG_3363	0.2593	0.1481	0.4444	0.1481
MSMEG_3365	0.1727	0.1864	0.3136	0.3273
MSMEG_3375	0.2791	0.0698	0.3023	0.3488
MSMEG_3377	0.2054	0.1717	0.3232	0.2997
MSMEG_3378	0.14	0.16	0.36	0.34
MSMEG_3380	0.2963	0.0741	0.3333	0.2963
MSMEG_3382	0.25	0.25	0.3333	0.1667
MSMEG_3383	0.1791	0.1612	0.3403	0.3194
MSMEG_3389	0.3333	0.0417	0.375	0.25
MSMEG_3395	0.232	0.1713	0.2818	0.3149
MSMEG_3407	0.0625	0.375	0.375	0.1875
MSMEG_3412	0.1667	0.2	0.3	0.3333
MSMEG_3418	0.1969	0.1417	0.3268	0.3346
MSMEG_3419	0.2927	0.0976	0.2683	0.3415
MSMEG_3421	0.2235	0.1059	0.2588	0.4118
MSMEG_3422	0.2396	0.1771	0.2812	0.3021
MSMEG_3425	0.1657	0.12	0.3771	0.3371
MSMEG_3426	0.2647	0.2941	0.2941	0.1471
MSMEG_3432	0.1935	0.2115	0.3011	0.2939
MSMEG_3435	0.2174	0.2174	0.3478	0.2174
MSMEG_3437	0.2449	0.1837	0.3469	0.2245
MSMEG_3438	0.1889	0.1429	0.3245	0.3438
MSMEG_3439	0.3673	0.2041	0.1837	0.2449
MSMEG_3440	0.2083	0.1667	0.375	0.25
MSMEG_3441	0.1939	0.1122	0.3878	0.3061
MSMEG_3443	0.2059	0.1471	0.4706	0.1765
MSMEG_3447	0.2075	0.2453	0.3962	0.1509
MSMEG_3449	0.2093	0.2093	0.314	0.2674
MSMEG_3451	0.2941	0.1765	0.2059	0.3235
MSMEG_3452	0.2537	0.2388	0.2537	0.2537
MSMEG_3454	0.25	0.25	0.25	0.25
MSMEG_3457	0.3158	0.1053	0.3158	0.2632
MSMEG_3459	0.1311	0.1639	0.4754	0.2295
MSMEG_3466	0.1758	0.1392	0.326	0.359
MSMEG_3471	0.2432	0.1081	0.2973	0.3514
MSMEG_3472	0.2361	0.1389	0.3056	0.3194
MSMEG_3476	0.2308	0.0769	0.4231	0.2692
MSMEG_3477	0.1912	0.2206	0.3382	0.25
MSMEG_3480	0	0	1.0	0
MSMEG_3487	0.2484	0.1699	0.3203	0.2614
MSMEG_3489	0.1382	0.2683	0.3577	0.2358
MSMEG_3490	0.1837	0.1633	0.4388	0.2143
MSMEG_3494	0.25	0.2857	0.2143	0.25
MSMEG_3495	0.1935	0.1935	0.2984	0.3145
MSMEG_3497	0.2059	0.1471	0.4118	0.2353
MSMEG_3501	0.1746	0.1905	0.3651	0.2698
MSMEG_3503	0.194	0.1716	0.306	0.3284
MSMEG_3504	0.1765	0.1471	0.4118	0.2647
MSMEG_3505	0.2769	0.0769	0.2615	0.3846
MSMEG_3507	0.2533	0.0667	0.3067	0.3733
MSMEG_3511	0.1774	0.1129	0.3387	0.371
MSMEG_3519	0.2364	0.1818	0.2727	0.3091
MSMEG_3520	0.3	0.1333	0.3333	0.2333
MSMEG_3531	0.1474	0.1474	0.4105	0.2947
MSMEG_3534	0.3421	0.0789	0.3158	0.2632
MSMEG_3538	0.2745	0.1569	0.2451	0.3235
MSMEG_3540	0.2333	0.1	0.3667	0.3
MSMEG_3545	0.1681	0.1597	0.395	0.2773
MSMEG_3564	0.2745	0.1569	0.2549	0.3137
MSMEG_3566	0.2571	0.1143	0.3714	0.2571
MSMEG_3570	0.1818	0.1642	0.3167	0.3372
MSMEG_3578	0.2571	0.1429	0.2857	0.3143
MSMEG_3580	0.2466	0.2329	0.3288	0.1918
MSMEG_3583	0.1818	0.0909	0.3896	0.3377
MSMEG_3589	0.2143	0.1429	0.3571	0.2857
MSMEG_3594	0	0.5	0.5	0
MSMEG_3605	0.29	0.12	0.29	0.3
MSMEG_3612	0.1905	0.2381	0.2857	0.2857
MSMEG_3614	0.2667	0.2	0.2889	0.2444
MSMEG_3615	0.138	0.2222	0.3401	0.2997
MSMEG_3616	0.2394	0.0704	0.4225	0.2676
MSMEG_3619	0.1837	0.1837	0.3061	0.3265
MSMEG_3621	0.3056	0.1944	0.3333	0.1667
MSMEG_3630	0.4062	0.1562	0.25	0.1875
MSMEG_3632	0.45	0.15	0.2	0.2
MSMEG_3633	0.1224	0.1516	0.3907	0.3353
MSMEG_3636	0.2632	0.2368	0.2632	0.2368
MSMEG_3639	0.1535	0.1419	0.3302	0.3744
MSMEG_3641	0.2571	0.2	0.4286	0.1143
MSMEG_3642	0.1993	0.1224	0.3322	0.3462
MSMEG_3644	0.2171	0.125	0.4013	0.2566
MSMEG_3645	0.2105	0.1316	0.4079	0.25
MSMEG_3647	0.215	0.11	0.36	0.315
MSMEG_3648	0.3548	0.0645	0.2581	0.3226
MSMEG_3649	0.1609	0.2414	0.3448	0.2529
MSMEG_3650	0.1806	0.1586	0.3744	0.2863
MSMEG_3660	0.3043	0.1957	0.2609	0.2391
MSMEG_3666	0	0	1.0	0
MSMEG_3667	0.24	0.18	0.3	0.28
MSMEG_3668	0.1732	0.1969	0.2756	0.3543
MSMEG_3671	1.0	0	0	0
MSMEG_3674	0.3182	0.0909	0.2727	0.3182
MSMEG_3675	0.2593	0.037	0.2963	0.4074
MSMEG_3678	0.2083	0.125	0.3958	0.2708
MSMEG_3680	0.3627	0.0882	0.2941	0.2549
MSMEG_3683	0.3333	0	0	0.6667
MSMEG_3685	0.1852	0.1111	0.4074	0.2963
MSMEG_3686	0.1458	0.1042	0.4583	0.2917
MSMEG_3687	0.2727	0.0909	0.2273	0.4091
MSMEG_3689	0.2414	0.3448	0.2069	0.2069
MSMEG_3692	0.2045	0.1364	0.3864	0.2727
MSMEG_3693	0.2353	0.1961	0.3529	0.2157
MSMEG_3694	0.2105	0.2105	0.3158	0.2632
MSMEG_3696	0.2243	0.1869	0.4206	0.1682
MSMEG_3706	0.2857	0.0952	0.3333	0.2857
MSMEG_3718	0.1538	0.2692	0.2692	0.3077
MSMEG_3725	0.1928	0.1386	0.3373	0.3313
MSMEG_3727	0.2616	0.1802	0.2616	0.2965
MSMEG_3730	0.2604	0.2083	0.2396	0.2917
MSMEG_3733	0.3158	0.1316	0.1579	0.3947
MSMEG_3736	0.2553	0.1489	0.383	0.2128
MSMEG_3737	0.1915	0.1702	0.4043	0.234
MSMEG_3741	0.2396	0.1458	0.3438	0.2708
MSMEG_3743	0.2099	0.1481	0.3704	0.2716
MSMEG_3744	0.1535	0.1535	0.3734	0.3195
MSMEG_3746	0.1475	0.2459	0.3115	0.2951
MSMEG_3750	0.1343	0.1343	0.403	0.3284
MSMEG_3752	0	0.3333	0.3333	0.3333
MSMEG_3754	0.2553	0.1418	0.2695	0.3333
MSMEG_3759	0	0	1.0	0
MSMEG_3765	0.156	0.156	0.3761	0.3119
MSMEG_3766	0.1818	0.1234	0.3831	0.3117
MSMEG_3767	0.1667	0.2381	0.4286	0.1667
MSMEG_3768	0	0	0.3333	0.6667
MSMEG_3774	0.1402	0.155	0.3469	0.3579
MSMEG_3775	0.2146	0.1533	0.3257	0.3065
MSMEG_3784	0.1429	0.1714	0.4571	0.2286
MSMEG_3785	0.2444	0.1556	0.3778	0.2222
MSMEG_3786	0.2985	0.209	0.2388	0.2537
MSMEG_3791	0.3125	0.1406	0.2188	0.3281
MSMEG_3792	0.3226	0.129	0.2581	0.2903
MSMEG_3794	0.1406	0.1875	0.3021	0.3698
MSMEG_3795	0.1892	0.1351	0.4054	0.2703
MSMEG_3796	0.1578	0.1203	0.3476	0.3743
MSMEG_3800	0.1781	0.1507	0.3836	0.2877
MSMEG_3802	0.1781	0.137	0.3151	0.3699
MSMEG_3803	0.2791	0.0465	0.4186	0.2558
MSMEG_3808	0.2329	0.137	0.3288	0.3014
MSMEG_3811	0.2	0.2	0.4667	0.1333
MSMEG_3831	0.2018	0.1469	0.3136	0.3377
MSMEG_3833	0.2903	0.1613	0.2097	0.3387
MSMEG_3835	0.1632	0.1423	0.3473	0.3473
MSMEG_3836	0.1852	0.1852	0.3333	0.2963
MSMEG_3854	0.1357	0.2286	0.2643	0.3714
MSMEG_3855	0.1758	0.1722	0.315	0.337
MSMEG_3856	0.1897	0.1552	0.2931	0.3621
MSMEG_3858	0.2812	0.1719	0.3281	0.2188
MSMEG_3861	0.2079	0.099	0.2871	0.4059
MSMEG_3869	0.1561	0.1829	0.361	0.3
MSMEG_3874	0.3043	0.1304	0.3043	0.2609
MSMEG_3877	0.1772	0.1709	0.3797	0.2722
MSMEG_3880	0	0	1.0	0
MSMEG_3887	0.3333	0.1905	0.2857	0.1905
MSMEG_3896	0.2245	0.102	0.4082	0.2653
MSMEG_3901	0.2069	0.3276	0.2586	0.2069
MSMEG_3902	0.2105	0.1842	0.3684	0.2368
MSMEG_3903	0.32	0.16	0.32	0.2
MSMEG_3904	0.1576	0.1467	0.3424	0.3533
MSMEG_3916	0.2578	0.2266	0.3281	0.1875
MSMEG_3919	0.2208	0.1417	0.3	0.3375
MSMEG_3927	0	0	1.0	0
MSMEG_3930	0.1811	0.1496	0.3307	0.3386
MSMEG_3950	0.3704	0	0.3333	0.2963
MSMEG_3958	0.1765	0.2206	0.3971	0.2059
MSMEG_3959	0.3	0.16	0.26	0.28
MSMEG_3960	0.2167	0.1417	0.3583	0.2833
MSMEG_3962	0.1636	0.2818	0.2909	0.2636
MSMEG_3965	0.2364	0.1318	0.1909	0.4409
MSMEG_3968	0.1562	0.1875	0.3438	0.3125
MSMEG_3975	0.2895	0.1842	0.3158	0.2105
MSMEG_3976	0.1667	0.3333	0.3333	0.1667
MSMEG_3977	0.2353	0.1961	0.2745	0.2941
MSMEG_3980	0.2807	0.1404	0.2982	0.2807
MSMEG_3988	0.2222	0.3333	0.2778	0.1667
MSMEG_4022	0.2	0.15	0.4	0.25
MSMEG_4024	0	0.2	0.4	0.4
MSMEG_4029	0.2727	0.1818	0.3636	0.1818
MSMEG_4030	0.2698	0.1905	0.2222	0.3175
MSMEG_4037	0.2215	0.1799	0.3114	0.2872
MSMEG_4038	0.2451	0.2059	0.2843	0.2647
MSMEG_4041	0.1864	0.2034	0.2881	0.322
MSMEG_4042	0.2358	0.1698	0.2736	0.3208
MSMEG_4044	0.2308	0.2308	0.3462	0.1923
MSMEG_4052	0.2008	0.1929	0.2953	0.311
MSMEG_4053	0.1159	0.2609	0.3913	0.2319
MSMEG_4055	0.1514	0.1135	0.3027	0.4324
MSMEG_4057	0.1739	0.2464	0.3623	0.2174
MSMEG_4067	0.2407	0.1852	0.2593	0.3148
MSMEG_4068	0.2117	0.2086	0.2638	0.316
MSMEG_4071	0.1619	0.1905	0.4	0.2476
MSMEG_4079	0.1885	0.1393	0.4016	0.2705
MSMEG_4081	0.1643	0.2063	0.3392	0.2902
MSMEG_4085	0.1818	0.1576	0.2848	0.3758
MSMEG_4087	0.1748	0.2238	0.2937	0.3077
MSMEG_4088	0.1553	0.2039	0.3495	0.2913
MSMEG_4090	0.2208	0.1558	0.3117	0.3117
MSMEG_4108	0.1331	0.2278	0.3107	0.3284
MSMEG_4109	0.2119	0.1623	0.2947	0.3311
MSMEG_4113	0.1963	0.1215	0.3131	0.3692
MSMEG_4116	0.198	0.1644	0.3087	0.3289
MSMEG_4120	0.2588	0.1235	0.2941	0.3235
MSMEG_4121	0.1818	0.1364	0.5455	0.1364
MSMEG_4123	0.2308	0.1538	0.2564	0.359
MSMEG_4125	0.3	0.2	0.35	0.15
MSMEG_4126	0.2564	0.2051	0.2051	0.3333
MSMEG_4128	0.1951	0.122	0.4146	0.2683
MSMEG_4130	0.1389	0.0833	0.3611	0.4167
MSMEG_4132	0.2207	0.2069	0.3379	0.2345
MSMEG_4133	0.2342	0.1139	0.3101	0.3418
MSMEG_4142	0	0	1.0	0
MSMEG_4143	0.2778	0.1296	0.3148	0.2778
MSMEG_4145	0.2353	0.1765	0.3333	0.2549
MSMEG_4151	0.1787	0.1836	0.3575	0.2802
MSMEG_4153	0.1719	0.2969	0.2812	0.25
MSMEG_4155	0.1773	0.2475	0.3177	0.2575
MSMEG_4159	0.2	0.1333	0.4	0.2667
MSMEG_4160	0.1688	0.2143	0.2922	0.3247
MSMEG_4161	0.2112	0.1793	0.2311	0.3785
MSMEG_4163	0.1404	0.1579	0.3363	0.3655
MSMEG_4165	0.1814	0.1495	0.3382	0.3309
MSMEG_4166	0.2196	0.1557	0.3028	0.322
MSMEG_4174	0.4194	0.2581	0.1613	0.1613
MSMEG_4179	0.2174	0.0435	0.3043	0.4348
MSMEG_4180	0.1767	0.1617	0.3684	0.2932
MSMEG_4185	0.1978	0.1429	0.3297	0.3297
MSMEG_4192	0	0	0.3333	0.6667
MSMEG_4196	0.2245	0.1224	0.2653	0.3878
MSMEG_4197	0.1888	0.1469	0.3357	0.3287
MSMEG_4199	0.3617	0.0851	0.2979	0.2553
MSMEG_4215	0.3056	0.0556	0.3333	0.3056
MSMEG_4218	0.1979	0.1979	0.3021	0.3021
MSMEG_4219	0.2794	0.1765	0.2059	0.3382
MSMEG_4222	0.26	0.17	0.33	0.24
MSMEG_4225	0.1667	0.1222	0.4111	0.3
MSMEG_4226	0.1453	0.1111	0.3761	0.3675
MSMEG_4228	0.127	0.1885	0.3566	0.3279
MSMEG_4230	0.1434	0.168	0.4098	0.2787
MSMEG_4232	0.1576	0.1556	0.3414	0.3455
MSMEG_4235	0.1955	0.1763	0.3045	0.3237
MSMEG_4236	0.2105	0.1053	0.4474	0.2368
MSMEG_4237	0.2143	0.2054	0.3661	0.2143
MSMEG_4238	0.2093	0.1977	0.2907	0.3023
MSMEG_4240	0.2586	0.0862	0.3793	0.2759
MSMEG_4245	0.1747	0.1478	0.3737	0.3038
MSMEG_4246	0.1907	0.1401	0.2879	0.3813
MSMEG_4248	0.1429	0.1429	0.4286	0.2857
MSMEG_4249	0.1124	0.2135	0.3933	0.2809
MSMEG_4251	0.2037	0.0926	0.4444	0.2593
MSMEG_4252	0	0	1.0	0
MSMEG_4253	0.2667	0.1333	0.4	0.2
MSMEG_4256	0.2094	0.2065	0.3186	0.2655
MSMEG_4257	0.3514	0.1081	0.3514	0.1892
MSMEG_4261	0.1493	0.2393	0.2962	0.3152
MSMEG_4264	0.1856	0.2156	0.2695	0.3293
MSMEG_4268	0.2549	0.1569	0.2745	0.3137
MSMEG_4270	0.2226	0.166	0.3245	0.2868
MSMEG_4271	0.1852	0.1481	0.3333	0.3333
MSMEG_4272	0.2125	0.1625	0.3375	0.2875
MSMEG_4274	0.159	0.1715	0.3389	0.3305
MSMEG_4280	0.2	0.1667	0.3667	0.2667
MSMEG_4282	0.2069	0.069	0.4828	0.2414
MSMEG_4283	0.2473	0.1935	0.2903	0.2688
MSMEG_4284	0.1745	0.1342	0.396	0.2953
MSMEG_4290	0.3846	0.1538	0.2692	0.1923
MSMEG_4298	0.2464	0.1449	0.3333	0.2754
MSMEG_4302	0.1842	0.1579	0.3684	0.2895
MSMEG_4307	0.13	0.17	0.38	0.32
MSMEG_4313	0.2222	0.25	0.3611	0.1667
MSMEG_4314	0.3333	0.0833	0.3333	0.25
MSMEG_4320	0.1846	0.1385	0.3846	0.2923
MSMEG_4321	0.3514	0.0541	0.2973	0.2973
MSMEG_4323	0.339	0.1525	0.2712	0.2373
MSMEG_4326	0.2162	0.1321	0.3213	0.3303
MSMEG_4336	0.2222	0.1889	0.3333	0.2556
MSMEG_4337	0.28	0.16	0.44	0.12
MSMEG_4347	0.1064	0.2128	0.4255	0.2553
MSMEG_4349	0.2143	0.0714	0.5714	0.1429
MSMEG_4351	0.2941	0.0882	0.3529	0.2647
MSMEG_4359	0.1684	0.1767	0.3368	0.3181
MSMEG_4360	0.1186	0.1864	0.4068	0.2881
MSMEG_4361	0.3261	0.087	0.3696	0.2174
MSMEG_4365	0.2182	0.1091	0.4182	0.2545
MSMEG_4366	0.1096	0.137	0.411	0.3425
MSMEG_4367	0.1803	0.127	0.3074	0.3852
MSMEG_4368	0.2727	0.1818	0.2424	0.303
MSMEG_4371	0.1949	0.1118	0.3482	0.345
MSMEG_4379	0.5	0	0.4	0.1
MSMEG_4383	0.2333	0.2	0.2667	0.3
MSMEG_4385	0.1975	0.1358	0.2593	0.4074
MSMEG_4392	0.2115	0.1154	0.3365	0.3365
MSMEG_4395	0.3111	0.1778	0.2222	0.2889
MSMEG_4396	0.1951	0.1951	0.3415	0.2683
MSMEG_4399	0.211	0.1697	0.3028	0.3165
MSMEG_4401	0.0909	0.2727	0.2727	0.3636
MSMEG_4402	0.2243	0.1869	0.4206	0.1682
MSMEG_4410	0.2083	0.125	0.3889	0.2778
MSMEG_4430	0.2324	0.1831	0.2817	0.3028
MSMEG_4431	0.2143	0.1429	0.4286	0.2143
MSMEG_4449	0.3265	0.2245	0.2245	0.2245
MSMEG_4450	0.3429	0.1429	0.2286	0.2857
MSMEG_4453	0.1848	0.1848	0.3091	0.3212
MSMEG_4458	0.2903	0.129	0.2258	0.3548
MSMEG_4460	0.1516	0.1473	0.3297	0.3714
MSMEG_4461	0.2407	0.1481	0.3519	0.2593
MSMEG_4476	0.2769	0.0923	0.3385	0.2923
MSMEG_4479	0.2308	0.2308	0.2692	0.2692
MSMEG_4480	0.1561	0.1503	0.3064	0.3873
MSMEG_4481	0.1213	0.1506	0.3975	0.3305
MSMEG_4483	0	0	1.0	0
MSMEG_4486	0.4737	0.2632	0.1053	0.1579
MSMEG_4497	0.3684	0.0351	0.2456	0.3509
MSMEG_4499	0.4167	0.1458	0.3125	0.125
MSMEG_4504	0.2169	0.1627	0.3253	0.2952
MSMEG_4507	0.1509	0.1321	0.3585	0.3585
MSMEG_4518	0.2	0.1333	0.3	0.3667
MSMEG_4527	0.1682	0.2182	0.2773	0.3364
MSMEG_4533	0.1449	0.2464	0.2899	0.3188
MSMEG_4536	0.09	0.3175	0.2512	0.3412
MSMEG_4537	0.2647	0.0588	0.2353	0.4412
MSMEG_4550	0.1406	0.2552	0.3906	0.2135
MSMEG_4555	0.2236	0.1499	0.3366	0.2899
MSMEG_4556	0.4444	0	0.1111	0.4444
MSMEG_4559	0.1779	0.1564	0.3712	0.2945
MSMEG_4561	0.1799	0.1583	0.3453	0.3165
MSMEG_4564	0.2143	0.1905	0.2976	0.2976
MSMEG_4565	0.1676	0.1841	0.294	0.3544
MSMEG_4571	0.2429	0.1714	0.2571	0.3286
MSMEG_4580	0.3077	0.0641	0.3718	0.2564
MSMEG_4595	0.1824	0.1294	0.3059	0.3824
MSMEG_4598	0.1631	0.1524	0.3316	0.3529
MSMEG_4599	0.1622	0.1544	0.3398	0.3436
MSMEG_4604	0.2436	0.1538	0.3205	0.2821
MSMEG_4609	0.25	0.5	0.1667	0.0833
MSMEG_4614	0.1642	0.1935	0.3196	0.3226
MSMEG_4617	0	0	1.0	0
MSMEG_4618	0.2895	0.2105	0.3421	0.1579
MSMEG_4620	0	0	1.0	0
MSMEG_4625	0.1727	0.1	0.3364	0.3909
MSMEG_4626	0.2034	0.1144	0.3517	0.3305
MSMEG_4628	0.1577	0.1521	0.3408	0.3493
MSMEG_4631	0.4103	0.0769	0.2564	0.2564
MSMEG_4634	0.1111	0.2222	0.3704	0.2963
MSMEG_4640	0.2083	0.2188	0.3646	0.2083
MSMEG_4643	0.2044	0.1467	0.3378	0.3111
MSMEG_4645	0.25	0.1111	0.3542	0.2847
MSMEG_4646	0.2542	0.1271	0.3644	0.2542
MSMEG_4647	0.2222	0.2	0.3	0.2778
MSMEG_4654	0.2667	0.2667	0.2	0.2667
MSMEG_4655	0.1897	0.2586	0.3276	0.2241
MSMEG_4657	0.2642	0.0943	0.3208	0.3208
MSMEG_4658	0.194	0.1343	0.3582	0.3134
MSMEG_4659	0.2391	0.1087	0.3696	0.2826
MSMEG_4661	0.1475	0.1475	0.3115	0.3934
MSMEG_4671	0.2754	0.1159	0.2971	0.3116
MSMEG_4673	0.3182	0.1818	0.2727	0.2273
MSMEG_4678	0.1481	0.0741	0.5926	0.1852
MSMEG_4679	0.1811	0.1621	0.3116	0.3453
MSMEG_4688	0.1818	0.2121	0.4242	0.1818
MSMEG_4689	0.234	0.2128	0.2979	0.2553
MSMEG_4694	0.24	0.0933	0.2933	0.3733
MSMEG_4698	0.2385	0.1284	0.3486	0.2844
MSMEG_4699	0.1923	0.1731	0.4231	0.2115
MSMEG_4700	0.2468	0.1039	0.3117	0.3377
MSMEG_4705	0.1622	0.1351	0.4595	0.2432
MSMEG_4712	0.1548	0.1677	0.3097	0.3677
MSMEG_4717	0.2581	0.2581	0.2581	0.2258
MSMEG_4718	0.1951	0.2439	0.1951	0.3659
MSMEG_4720	0.4	0.2	0.4	0
MSMEG_4723	0.2009	0.1598	0.2831	0.3562
MSMEG_4727	0.24	0.24	0.36	0.16
MSMEG_4735	0	0	1.0	0
MSMEG_4737	0.1938	0.1972	0.3218	0.2872
MSMEG_4738	0.2078	0.1883	0.3052	0.2987
MSMEG_4740	0.1509	0.1132	0.3774	0.3585
MSMEG_4741	0.129	0.2581	0.3548	0.2581
MSMEG_4742	0.4237	0.1017	0.2712	0.2034
MSMEG_4743	0.2931	0.1379	0.2931	0.2759
MSMEG_4748	0.2278	0.1772	0.3924	0.2025
MSMEG_4751	0.2581	0.2258	0.2419	0.2742
MSMEG_4752	0.3421	0.0526	0.3158	0.2895
MSMEG_4753	0.1702	0.1702	0.3404	0.3191
MSMEG_4763	0.2335	0.1189	0.2996	0.348
MSMEG_4767	0.3889	0.0556	0.3333	0.2222
MSMEG_4771	0.2735	0.1795	0.2692	0.2778
MSMEG_4773	0.35	0.2	0.35	0.1
MSMEG_4775	0.4762	0.0952	0.1905	0.2381
MSMEG_4776	0.2286	0.2286	0.2857	0.2571
MSMEG_4779	0.1	0.2	0.54	0.16
MSMEG_4784	0.1778	0.2444	0.3111	0.2667
MSMEG_4791	0.2243	0.1869	0.4206	0.1682
MSMEG_4797	0.0968	0.2581	0.3226	0.3226
MSMEG_4800	0.2344	0.2344	0.3438	0.1875
MSMEG_4804	0.2444	0.2222	0.3556	0.1778
MSMEG_4807	0.2197	0.0833	0.3258	0.3712
MSMEG_4829	0.2745	0.1569	0.2745	0.2941
MSMEG_4831	0.2857	0.1429	0.4286	0.1429
MSMEG_4835	0.181	0.181	0.3155	0.3225
MSMEG_4839	0.2857	0.1558	0.3377	0.2208
MSMEG_4847	0.2	0.2	0.2	0.4
MSMEG_4849	0.2931	0.1552	0.2759	0.2759
MSMEG_4868	0.1892	0.2432	0.2973	0.2703
MSMEG_4880	0.2062	0.1907	0.3866	0.2165
MSMEG_4887	0.2727	0.2273	0.3182	0.1818
MSMEG_4891	0.3846	0.2115	0.25	0.1538
MSMEG_4893	0.2273	0.1364	0.5	0.1364
MSMEG_4904	0.1644	0.1644	0.411	0.2603
MSMEG_4906	0.3684	0.1579	0.2632	0.2105
MSMEG_4907	0.1368	0.1368	0.4316	0.2949
MSMEG_4916	0.2353	0.1176	0.4265	0.2206
MSMEG_4917	0.1314	0.2165	0.3428	0.3093
MSMEG_4920	0.1481	0.2963	0.1481	0.4074
MSMEG_4922	0	0.5	0.1667	0.3333
MSMEG_4924	0.6667	0	0	0.3333
MSMEG_4926	0.186	0.2035	0.3488	0.2616
MSMEG_4927	0.2243	0.1869	0.4206	0.1682
MSMEG_4933	0.1752	0.1369	0.3631	0.3248
MSMEG_4935	0.1471	0.2647	0.3824	0.2059
MSMEG_4938	0.25	0.1552	0.2759	0.319
MSMEG_4939	0.1873	0.1392	0.3747	0.2987
MSMEG_4941	0.2468	0.1905	0.2381	0.3247
MSMEG_4943	0.2208	0.1818	0.3247	0.2727
MSMEG_4945	0.1542	0.229	0.3505	0.2664
MSMEG_4946	0.2086	0.184	0.3742	0.2331
MSMEG_4951	0.1912	0.1765	0.3088	0.3235
MSMEG_4953	0.2128	0.0638	0.2553	0.4681
MSMEG_4954	0.1964	0.1875	0.3125	0.3036
MSMEG_4956	0.1696	0.1496	0.3416	0.3392
MSMEG_4958	0.1273	0.1455	0.3455	0.3818
MSMEG_4961	0.1731	0.1154	0.4808	0.2308
MSMEG_4971	0.1564	0.1896	0.3768	0.2773
MSMEG_4973	0	0	1.0	0
MSMEG_4977	0.2222	0.1667	0.3889	0.2222
MSMEG_4979	0.2889	0.2667	0.2222	0.2222
MSMEG_4989	0.1836	0.1643	0.3454	0.3068
MSMEG_4991	0.2188	0.1562	0.3281	0.2969
MSMEG_4993	0.1854	0.1601	0.3539	0.3006
MSMEG_4995	0.2941	0.0588	0.4118	0.2353
MSMEG_4998	0	0	1.0	0
MSMEG_5000	0.1921	0.1921	0.3201	0.2957
MSMEG_5004	0.2708	0.0625	0.4167	0.25
MSMEG_5012	0.2174	0.2174	0.3043	0.2609
MSMEG_5013	0.2581	0.0968	0.2903	0.3548
MSMEG_5016	0.2427	0.1553	0.3447	0.2573
MSMEG_5039	0.2857	0.1786	0.4286	0.1071
MSMEG_5042	0	0	1.0	0
MSMEG_5048	0.1579	0.1404	0.4035	0.2982
MSMEG_5049	0.2784	0.1237	0.3299	0.268
MSMEG_5050	0.3478	0.1304	0.3043	0.2174
MSMEG_5051	0.0769	0.3077	0.2692	0.3462
MSMEG_5053	0.2778	0.2222	0.3333	0.1667
MSMEG_5054	0.1358	0.1605	0.3488	0.3549
MSMEG_5056	0.3846	0	0.3846	0.2308
MSMEG_5057	0.1805	0.139	0.3268	0.3537
MSMEG_5059	0.1508	0.2381	0.3413	0.2698
MSMEG_5060	0.2155	0.1449	0.2933	0.3463
MSMEG_5061	0.1429	0.0952	0.4444	0.3175
MSMEG_5062	0.2478	0.115	0.3097	0.3274
MSMEG_5067	0.2979	0.1915	0.2979	0.2128
MSMEG_5070	0.2895	0.1316	0.3158	0.2632
MSMEG_5072	0.2295	0.2295	0.2295	0.3115
MSMEG_5073	0.2293	0.2038	0.2866	0.2803
MSMEG_5080	0.2194	0.1917	0.2748	0.3141
MSMEG_5081	0.1485	0.1485	0.396	0.3069
MSMEG_5086	0.2286	0.1143	0.3714	0.2857
MSMEG_5089	0.069	0.1724	0.5172	0.2414
MSMEG_5090	0.257	0.1972	0.257	0.2887
MSMEG_5091	0.2585	0.1508	0.2831	0.3077
MSMEG_5100	0.2154	0.2462	0.2615	0.2769
MSMEG_5101	0.2308	0.1154	0.3462	0.3077
MSMEG_5102	0.1212	0.2424	0.3333	0.303
MSMEG_5109	0.2083	0.0833	0.5	0.2083
MSMEG_5111	0.1915	0.1489	0.3404	0.3191
MSMEG_5119	0.1848	0.1437	0.3519	0.3196
MSMEG_5122	0.2787	0.082	0.2459	0.3934
MSMEG_5124	0.1282	0.1026	0.4615	0.3077
MSMEG_5126	0.32	0.2	0.28	0.2
MSMEG_5127	0.1277	0.3191	0.383	0.1702
MSMEG_5128	0.2692	0.1538	0.2949	0.2821
MSMEG_5129	0	0	1.0	0
MSMEG_5131	0.325	0.175	0.275	0.225
MSMEG_5134	0.253	0.1807	0.3012	0.2651
MSMEG_5144	0.2561	0.2683	0.2317	0.2439
MSMEG_5145	0.2165	0.1649	0.2887	0.3299
MSMEG_5148	0	0	1.0	0
MSMEG_5149	0.2	0.1	0.2833	0.4167
MSMEG_5154	0.166	0.1681	0.3638	0.3021
MSMEG_5157	0.2647	0.2059	0.2647	0.2647
MSMEG_5159	0.186	0.1512	0.4186	0.2442
MSMEG_5162	0.1758	0.1621	0.3333	0.3288
MSMEG_5165	0.2	0.1429	0.2857	0.3714
MSMEG_5171	0	0	1.0	0
MSMEG_5173	0.2296	0.1333	0.2963	0.3407
MSMEG_5178	0.25	0.25	0.3571	0.1429
MSMEG_5184	0.2162	0.1622	0.3514	0.2703
MSMEG_5189	0.2353	0.1176	0.3529	0.2941
MSMEG_5196	0.1795	0.1197	0.3675	0.3333
MSMEG_5199	0.25	0.2045	0.25	0.2955
MSMEG_5207	0.1856	0.1521	0.3557	0.3067
MSMEG_5208	0.1869	0.1589	0.3738	0.2804
MSMEG_5209	0.1739	0.0435	0.5217	0.2609
MSMEG_5211	0.2	0.1571	0.3286	0.3143
MSMEG_5216	0.093	0.093	0.3721	0.4419
MSMEG_5218	0.2593	0.1111	0.2963	0.3333
MSMEG_5219	0.2111	0.1889	0.3	0.3
MSMEG_5220	0.177	0.1858	0.3422	0.295
MSMEG_5229	0.223	0.125	0.3142	0.3378
MSMEG_5231	0.2095	0.2297	0.3649	0.1959
MSMEG_5233	0.2338	0.1364	0.3052	0.3247
MSMEG_5236	0.1887	0.0943	0.3585	0.3585
MSMEG_5237	0.1875	0	0.5625	0.25
MSMEG_5241	0.1618	0.1422	0.3578	0.3382
MSMEG_5257	0.2424	0.2121	0.3636	0.1818
MSMEG_5261	0.2667	0.1238	0.3905	0.219
MSMEG_5263	0.2448	0.1678	0.2867	0.3007
MSMEG_5264	0	0	1.0	0
MSMEG_5265	0	0.6667	0.3333	0
MSMEG_5268	0.1826	0.1735	0.347	0.2968
MSMEG_5271	0.2	0.3111	0.2667	0.2222
MSMEG_5273	0.2273	0.2273	0.2727	0.2727
MSMEG_5274	0	0	1.0	0
MSMEG_5275	0.35	0.15	0.225	0.275
MSMEG_5278	0.1781	0.1378	0.323	0.361
MSMEG_5280	0.1771	0.2604	0.2708	0.2917
MSMEG_5282	0.3214	0.2143	0.25	0.2143
MSMEG_5287	0.1463	0.122	0.4146	0.3171
MSMEG_5288	0.2249	0.177	0.378	0.2201
MSMEG_5292	0.2157	0.1961	0.3922	0.1961
MSMEG_5298	0.3529	0	0.4118	0.2353
MSMEG_5301	0.2553	0.2128	0.3404	0.1915
MSMEG_5302	0.2564	0.2051	0.3077	0.2308
MSMEG_5303	0.2762	0.2095	0.181	0.3333
MSMEG_5308	0.2092	0.2527	0.3043	0.2337
MSMEG_5310	0.4706	0	0.4118	0.1176
MSMEG_5318	0.198	0.1386	0.3069	0.3564
MSMEG_5324	0.2204	0.1377	0.3251	0.3168
MSMEG_5327	0.3023	0.093	0.2558	0.3488
MSMEG_5328	0.2759	0.1609	0.2816	0.2816
MSMEG_5329	0.1809	0.1596	0.3351	0.3245
MSMEG_5333	0.3333	0.0833	0.3056	0.2778
MSMEG_5338	0.3284	0.1642	0.1791	0.3284
MSMEG_5339	0.2647	0.1471	0.3529	0.2353
MSMEG_5343	0.36	0.08	0.4	0.16
MSMEG_5346	0.2791	0.1279	0.3372	0.2558
MSMEG_5347	0.1848	0.1413	0.25	0.4239
MSMEG_5349	0.25	0.1667	0.3333	0.25
MSMEG_5352	0.2105	0.2105	0.4211	0.1579
MSMEG_5354	0.2286	0.1286	0.2571	0.3857
MSMEG_5355	0.2621	0.1793	0.3448	0.2138
MSMEG_5360	0.1682	0.1614	0.325	0.3455
MSMEG_5368	0.1316	0.2237	0.3684	0.2763
MSMEG_5370	0.1452	0.2033	0.3693	0.2822
MSMEG_5372	0.2167	0.1	0.3167	0.3667
MSMEG_5375	0.3333	0.1	0.3667	0.2
MSMEG_5376	0.1938	0.1765	0.3149	0.3149
MSMEG_5378	0.2259	0.2226	0.3289	0.2226
MSMEG_5379	0.2243	0.1869	0.4206	0.1682
MSMEG_5388	0.2979	0.1489	0.3404	0.2128
MSMEG_5397	0.25	0.1184	0.2237	0.4079
MSMEG_5401	0.25	0.1667	0.35	0.2333
MSMEG_5403	0.2222	0.2222	0.2963	0.2593
MSMEG_5406	0.1711	0.25	0.3289	0.25
MSMEG_5409	0.1686	0.1086	0.2771	0.4457
MSMEG_5412	0.25	0.1538	0.3462	0.25
MSMEG_5414	0.1724	0.1207	0.3233	0.3836
MSMEG_5415	0.3333	0.0513	0.3333	0.2821
MSMEG_5416	0.1456	0.2146	0.3678	0.272
MSMEG_5418	0.2456	0.1754	0.2807	0.2982
MSMEG_5420	0.2215	0.1409	0.3087	0.3289
MSMEG_5427	0.2903	0.129	0.2581	0.3226
MSMEG_5429	0.1952	0.1471	0.3153	0.3423
MSMEG_5431	0.2185	0.1849	0.3025	0.2941
MSMEG_5435	0.1944	0.1806	0.3264	0.2986
MSMEG_5438	0.2098	0.1678	0.3776	0.2448
MSMEG_5439	0.2836	0.0896	0.2985	0.3284
MSMEG_5442	0.3529	0.2353	0.2353	0.1765
MSMEG_5444	0.2286	0.0571	0.3429	0.3714
MSMEG_5452	0	0	1.0	0
MSMEG_5460	0.1887	0.2642	0.3208	0.2264
MSMEG_5461	0.2222	0.2222	0.4074	0.1481
MSMEG_5462	0.1429	0.0571	0.4857	0.3143
MSMEG_5463	0.3125	0.0625	0.375	0.25
MSMEG_5468	0.1935	0.1129	0.4032	0.2903
MSMEG_5470	0.2222	0.1667	0.3889	0.2222
MSMEG_5475	0.2083	0.125	0.5	0.1667
MSMEG_5480	0.3111	0.1333	0.3111	0.2444
MSMEG_5481	0.1497	0.2006	0.2994	0.3503
MSMEG_5482	0.25	0.125	0.275	0.35
MSMEG_5483	0.2418	0.1569	0.3399	0.2614
MSMEG_5486	0.2802	0.1593	0.3022	0.2582
MSMEG_5489	0.2615	0.1385	0.2923	0.3077
MSMEG_5500	0.1884	0.1522	0.3454	0.314
MSMEG_5502	0.3077	0.1538	0.2051	0.3333
MSMEG_5503	0.2	0.1867	0.2867	0.3267
MSMEG_5505	0	0	1.0	0
MSMEG_5507	0.284	0.1852	0.2593	0.2716
MSMEG_5515	0.2362	0.1417	0.3622	0.2598
MSMEG_5517	0.14	0.2	0.4	0.26
MSMEG_5518	0.2024	0.1786	0.3095	0.3095
MSMEG_5522	0.3333	0.1667	0.3333	0.1667
MSMEG_5525	0.2602	0.1301	0.3008	0.3089
MSMEG_5534	0.3333	0	0.6667	0
MSMEG_5536	0.1333	0.2121	0.303	0.3515
MSMEG_5539	0.25	0.0833	0.2083	0.4583
MSMEG_5543	0.1692	0.1923	0.3346	0.3038
MSMEG_5549	0.3704	0.037	0.3333	0.2593
MSMEG_5553	0.2222	0.0741	0.4444	0.2593
MSMEG_5556	0.2273	0.2273	0.2727	0.2727
MSMEG_5557	0.3	0.12	0.36	0.22
MSMEG_5558	0.2593	0.1667	0.3889	0.1852
MSMEG_5559	0.2054	0.1964	0.2812	0.317
MSMEG_5565	0.2727	0.2273	0.2727	0.2273
MSMEG_5568	0.4375	0.0312	0.2812	0.25
MSMEG_5579	0.169	0.2238	0.2881	0.319
MSMEG_5584	0.3529	0.1176	0.4118	0.1176
MSMEG_5587	0.3333	0.0833	0.2917	0.2917
MSMEG_5588	0	0	0	1.0
MSMEG_5589	0.2258	0.1935	0.3548	0.2258
MSMEG_5591	0.1818	0.2727	0.3333	0.2121
MSMEG_5595	0.2222	0.1852	0.2593	0.3333
MSMEG_5597	0.2069	0.2069	0.3793	0.2069
MSMEG_5601	0.2326	0.186	0.307	0.2744
MSMEG_5607	0.3111	0.1111	0.4222	0.1556
MSMEG_5610	0.1429	0.1648	0.3407	0.3516
MSMEG_5611	0.1667	0.1833	0.4	0.25
MSMEG_5612	0.1452	0.2339	0.3468	0.2742
MSMEG_5617	0.2419	0.1452	0.2903	0.3226
MSMEG_5634	0.3212	0.0933	0.2642	0.3212
MSMEG_5636	0.25	0.1786	0.3393	0.2321
MSMEG_5641	0.2364	0.1818	0.4	0.1818
MSMEG_5646	0.2054	0.1907	0.3032	0.3007
MSMEG_5649	0.2771	0.1325	0.3373	0.253
MSMEG_5651	0.2632	0.1316	0.2632	0.3421
MSMEG_5656	0.1582	0.1785	0.3164	0.3469
MSMEG_5658	0.1733	0.1467	0.3444	0.3356
MSMEG_5660	0.1486	0.16	0.3743	0.3171
MSMEG_5661	0.1696	0.2232	0.3214	0.2857
MSMEG_5672	0.2381	0.1905	0.2698	0.3016
MSMEG_5680	0.1857	0.1857	0.2857	0.3429
MSMEG_5682	0.2791	0.1512	0.3256	0.2442
MSMEG_5685	0.1818	0.1818	0.5455	0.0909
MSMEG_5690	0.22	0.12	0.36	0.3
MSMEG_5691	0.4	0.2	0.4	0
MSMEG_5694	0.1311	0.1393	0.3852	0.3443
MSMEG_5696	0.1714	0.1714	0.3429	0.3143
MSMEG_5697	0.3333	0.0741	0.2593	0.3333
MSMEG_5699	0.2083	0.1667	0.3229	0.3021
MSMEG_5700	0.1807	0.1687	0.3133	0.3373
MSMEG_5702	0.2769	0.1538	0.3231	0.2462
MSMEG_5703	0.1885	0.1623	0.2984	0.3508
MSMEG_5704	0.2391	0.1522	0.3043	0.3043
MSMEG_5705	0.3333	0.3333	0.3333	0
MSMEG_5708	0.2256	0.2033	0.3064	0.2646
MSMEG_5709	0.2387	0.1645	0.3613	0.2355
MSMEG_5710	0.2301	0.2385	0.3222	0.2092
MSMEG_5713	0.1622	0.0811	0.3784	0.3784
MSMEG_5719	0.3636	0.1515	0.2727	0.2121
MSMEG_5720	0.25	0.25	0.25	0.25
MSMEG_5721	0.2899	0.1449	0.2174	0.3478
MSMEG_5722	0.1784	0.166	0.3029	0.3527
MSMEG_5727	0.1573	0.1348	0.3933	0.3146
MSMEG_5730	0.2581	0.1935	0.3065	0.2419
MSMEG_5731	0.5	0	0	0.5
MSMEG_5741	0.3	0.2	0.2	0.3
MSMEG_5749	0.2264	0.2264	0.283	0.2642
MSMEG_5750	0.257	0.1788	0.3296	0.2346
MSMEG_5760	0.2727	0	0.4545	0.2727
MSMEG_5764	0.1744	0.1628	0.2558	0.407
MSMEG_5768	0.1795	0.3077	0.2949	0.2179
MSMEG_5769	0.1667	0.1228	0.3684	0.3421
MSMEG_5770	0.1667	0.25	0.4167	0.1667
MSMEG_5771	0.1781	0.1918	0.2603	0.3699
MSMEG_5773	0.3235	0.1471	0.3529	0.1765
MSMEG_5775	0.1936	0.1272	0.3237	0.3555
MSMEG_5778	0.3462	0.1731	0.25	0.2308
MSMEG_5781	0.4286	0	0.2857	0.2857
MSMEG_5782	0.3243	0.1081	0.3243	0.2432
MSMEG_5784	0.2381	0.181	0.2857	0.2952
MSMEG_5786	0.25	0.125	0.4167	0.2083
MSMEG_5788	0.1467	0.2609	0.2772	0.3152
MSMEG_5797	0.2432	0.1757	0.2838	0.2973
MSMEG_5798	0	0	1.0	0
MSMEG_5800	0.2424	0.1212	0.2121	0.4242
MSMEG_5803	0.2593	0.1111	0.3704	0.2593
MSMEG_5811	0.25	0.1538	0.3846	0.2115
MSMEG_5812	0.2381	0.1905	0.3016	0.2698
MSMEG_5816	0.2111	0.0667	0.3556	0.3667
MSMEG_5820	0	0	1.0	0
MSMEG_5828	0.2222	0.1407	0.3778	0.2593
MSMEG_5831	0.2203	0.1737	0.3263	0.2797
MSMEG_5848	0.1366	0.1278	0.4449	0.2907
MSMEG_5851	0.159	0.1721	0.329	0.3399
MSMEG_5853	0.2	0.1714	0.3714	0.2571
MSMEG_5855	0.3301	0.0583	0.3689	0.2427
MSMEG_5859	0.2727	0.1591	0.3409	0.2273
MSMEG_5866	0.2632	0.2281	0.2456	0.2632
MSMEG_5868	0.2121	0.2727	0.3636	0.1515
MSMEG_5876	0.1875	0.2014	0.3194	0.2917
MSMEG_5878	0.2703	0.1081	0.3514	0.2703
MSMEG_5879	0.2135	0.191	0.3483	0.2472
MSMEG_5885	0.3125	0.125	0.2812	0.2812
MSMEG_5886	0.4	0.4	0.2	0
MSMEG_5887	0.3256	0.0698	0.2558	0.3488
MSMEG_5889	0.4571	0.0857	0.2286	0.2286
MSMEG_5894	0.1676	0.1564	0.3855	0.2905
MSMEG_5902	0.2066	0.1405	0.3223	0.3306
MSMEG_5904	0.1333	0.0889	0.4	0.3778
MSMEG_5906	0.25	0.1667	0.4167	0.1667
MSMEG_5912	0.2	0.2286	0.3714	0.2
MSMEG_5916	0.2222	0.1852	0.3704	0.2222
MSMEG_5920	0.2241	0.1577	0.3734	0.2448
MSMEG_5925	0.3043	0.087	0.3913	0.2174
MSMEG_5929	0.2273	0.1364	0.4773	0.1591
MSMEG_5933	0.2373	0.1356	0.2542	0.3729
MSMEG_5934	0.3667	0.1333	0.2667	0.2333
MSMEG_5937	0.2809	0.0899	0.3258	0.3034
MSMEG_5939	0.1538	0.3077	0.2308	0.3077
MSMEG_5940	0.2293	0.1592	0.293	0.3185
MSMEG_5943	0.1692	0.1615	0.2923	0.3769
MSMEG_5944	0.2019	0.1538	0.3077	0.3365
MSMEG_5952	0.1582	0.1751	0.3544	0.3122
MSMEG_5956	0.1458	0.2292	0.4167	0.2083
MSMEG_5959	0.1604	0.2055	0.3509	0.2832
MSMEG_5962	0.163	0.2481	0.3148	0.2741
MSMEG_5967	0.2105	0.193	0.386	0.2105
MSMEG_5968	0.1562	0.125	0.4688	0.25
MSMEG_5969	0.2232	0.2009	0.3571	0.2188
MSMEG_5970	0.3103	0.1724	0.2069	0.3103
MSMEG_5971	0.2402	0.1965	0.2882	0.2751
MSMEG_5976	0.3333	0.1026	0.2821	0.2821
MSMEG_5981	0.1818	0.1653	0.3512	0.3017
MSMEG_5988	0.1736	0.1736	0.3967	0.2562
MSMEG_5989	0.2667	0.0333	0.5	0.2
MSMEG_5995	0.2812	0.2188	0.25	0.25
MSMEG_5997	0.1868	0.1154	0.3352	0.3626
MSMEG_6001	0.2791	0.186	0.3023	0.2326
MSMEG_6006	0.1709	0.1772	0.3101	0.3418
MSMEG_6010	0.1587	0.1667	0.3413	0.3333
MSMEG_6018	0.14	0.18	0.36	0.32
MSMEG_6019	0.208	0.124	0.328	0.34
MSMEG_6020	0.2062	0.175	0.3438	0.275
MSMEG_6021	0.3478	0.1304	0.1957	0.3261
MSMEG_6022	0.2432	0.1892	0.4054	0.1622
MSMEG_6024	0.1981	0.1594	0.3671	0.2754
MSMEG_6027	0.1688	0.1818	0.3117	0.3377
MSMEG_6029	0.5	0	0	0.5
MSMEG_6031	0.2581	0.2258	0.3548	0.1613
MSMEG_6032	0.2162	0.2027	0.2838	0.2973
MSMEG_6033	0.25	0.2778	0.2222	0.25
MSMEG_6038	0.2258	0.2581	0.3226	0.1935
MSMEG_6039	0.2671	0.2422	0.2484	0.2422
MSMEG_6040	0.2273	0.1364	0.3182	0.3182
MSMEG_6042	0.2172	0.1717	0.2929	0.3182
MSMEG_6044	0	0	0.5	0.5
MSMEG_6064	0.2105	0.125	0.3618	0.3026
MSMEG_6068	0.3333	0.0833	0.3333	0.25
MSMEG_6073	0.2424	0.1061	0.3333	0.3182
MSMEG_6076	0.179	0.1518	0.358	0.3113
MSMEG_6077	0.3	0.1	0.4	0.2
MSMEG_6078	0.2903	0.1613	0.3548	0.1935
MSMEG_6080	0.2	0.16	0.36	0.28
MSMEG_6083	0.1774	0.2903	0.2581	0.2742
MSMEG_6085	0.4118	0.0588	0.2941	0.2353
MSMEG_6090	0.25	0.2083	0.2667	0.275
MSMEG_6091	0.24	0.1733	0.3067	0.28
MSMEG_6092	0.2542	0.1525	0.3729	0.2203
MSMEG_6098	0.1667	0.197	0.303	0.3333
MSMEG_6104	0.2435	0.0609	0.3478	0.3478
MSMEG_6105	0.2667	0.0933	0.3733	0.2667
MSMEG_6112	0.141	0.1213	0.3377	0.4
MSMEG_6113	0.1778	0.1333	0.3333	0.3556
MSMEG_6114	0.1857	0.1571	0.3429	0.3143
MSMEG_6131	0.2121	0.2273	0.3333	0.2273
MSMEG_6136	0.1385	0.2	0.3769	0.2846
MSMEG_6141	0.2273	0.1364	0.2727	0.3636
MSMEG_6145	0.1778	0.1778	0.363	0.2815
MSMEG_6148	0.2345	0.1977	0.3136	0.2542
MSMEG_6149	0.2243	0.1869	0.4206	0.1682
MSMEG_6153	0	0	1.0	0
MSMEG_6156	0.2243	0.1869	0.4206	0.1682
MSMEG_6157	0.2273	0.1364	0.4091	0.2273
MSMEG_6159	0.1967	0.2077	0.3552	0.2404
MSMEG_6160	0.2391	0.0217	0.4348	0.3043
MSMEG_6162	0.2243	0.1869	0.4206	0.1682
MSMEG_6171	0.1513	0.208	0.3215	0.3191
MSMEG_6180	0.1618	0.1765	0.4412	0.2206
MSMEG_6182	0.2258	0.1935	0.3871	0.1935
MSMEG_6185	0.1724	0.1609	0.3563	0.3103
MSMEG_6198	0.3043	0.1304	0.3043	0.2609
MSMEG_6199	0.2308	0.1966	0.3419	0.2308
MSMEG_6201	0.1658	0.2168	0.2908	0.3265
MSMEG_6219	0.2143	0.1429	0.2589	0.3839
MSMEG_6221	0.2432	0.1306	0.3018	0.3243
MSMEG_6224	0.1481	0.1111	0.3333	0.4074
MSMEG_6227	0.2821	0.2051	0.2564	0.2564
MSMEG_6229	0.3143	0.0286	0.4	0.2571
MSMEG_6237	0.1653	0.1864	0.2797	0.3686
MSMEG_6239	0.2381	0.2143	0.4286	0.119
MSMEG_6240	0.129	0.1548	0.4129	0.3032
MSMEG_6241	0.2365	0.1478	0.3103	0.3054
MSMEG_6242	0.2439	0.0732	0.3659	0.3171
MSMEG_6243	0.2353	0.0882	0.4118	0.2647
MSMEG_6245	0.1458	0.2222	0.3056	0.3264
MSMEG_6250	0.1905	0.119	0.4762	0.2143
MSMEG_6254	0.2137	0.1795	0.2991	0.3077
MSMEG_6257	0.2439	0.2195	0.2439	0.2927
MSMEG_6259	0.175	0.25	0.35	0.225
MSMEG_6266	0.2329	0.2192	0.3288	0.2192
MSMEG_6270	0.1529	0.1804	0.3517	0.315
MSMEG_6271	0.1197	0.1966	0.3419	0.3419
MSMEG_6280	0.3333	0.0427	0.2991	0.3248
MSMEG_6282	0.1972	0.2113	0.2958	0.2958
MSMEG_6284	0.3889	0.0556	0.3889	0.1667
MSMEG_6286	0.1712	0.1233	0.3699	0.3356
MSMEG_6291	0.2909	0.2	0.3091	0.2
MSMEG_6300	0.2857	0.0714	0.3929	0.25
MSMEG_6302	0	0	1.0	0
MSMEG_6303	0.1935	0.129	0.3226	0.3548
MSMEG_6314	0.1709	0.1852	0.3134	0.3305
MSMEG_6316	0.1915	0.2128	0.3617	0.234
MSMEG_6334	0.1718	0.1924	0.3127	0.323
MSMEG_6340	0.2826	0.1304	0.3261	0.2609
MSMEG_6344	0.3529	0.1765	0.2647	0.2059
MSMEG_6346	0.2647	0.1471	0.4118	0.1765
MSMEG_6348	0.3636	0.1591	0.25	0.2273
MSMEG_6352	0.1776	0.1215	0.3645	0.3364
MSMEG_6353	0.1667	0.25	0.25	0.3333
MSMEG_6354	0.1557	0.1434	0.3443	0.3566
MSMEG_6356	0.1905	0.1984	0.3571	0.254
MSMEG_6358	0.2123	0.2031	0.3077	0.2769
MSMEG_6363	0.1321	0.1981	0.3774	0.2925
MSMEG_6365	0.2828	0.0606	0.3636	0.2929
MSMEG_6369	0.1528	0.1667	0.4028	0.2778
MSMEG_6379	0.1516	0.1543	0.3191	0.375
MSMEG_6380	0.2248	0.1783	0.3411	0.2558
MSMEG_6381	0.1818	0.1364	0.5	0.1818
MSMEG_6383	0.2069	0.1724	0.3005	0.3202
MSMEG_6385	0.1724	0.2069	0.3793	0.2414
MSMEG_6386	0.1667	0.1875	0.1875	0.4583
MSMEG_6390	0.2368	0.2368	0.3421	0.1842
MSMEG_6391	0.2353	0.1324	0.3971	0.2353
MSMEG_6393	0.1648	0.1758	0.3846	0.2747
MSMEG_6394	0.1854	0.1656	0.3311	0.3179
MSMEG_6398	0.2466	0.1644	0.411	0.1781
MSMEG_6399	0.1765	0.1176	0.3529	0.3529
MSMEG_6401	0.2742	0.129	0.4032	0.1935
MSMEG_6404	0	0	1.0	0
MSMEG_6405	0.1845	0.2524	0.301	0.2621
MSMEG_6408	0.1433	0.1238	0.3779	0.355
MSMEG_6410	0.1935	0.3871	0.2258	0.1935
MSMEG_6411	0.1947	0.165	0.33	0.3102
MSMEG_6414	0.2222	0.1944	0.2222	0.3611
MSMEG_6416	0.1273	0.1364	0.4	0.3364
MSMEG_6419	0.3	0.1	0.3333	0.2667
MSMEG_6426	0.2346	0.2099	0.3333	0.2222
MSMEG_6427	0.25	0.25	0.2188	0.2812
MSMEG_6428	0.2642	0.1132	0.3208	0.3019
MSMEG_6430	0.169	0.1549	0.3732	0.3028
MSMEG_6432	0.2381	0.119	0.381	0.2619
MSMEG_6433	0.2	0.1778	0.4	0.2222
MSMEG_6434	0.25	0.1071	0.3214	0.3214
MSMEG_6438	0.2419	0.0806	0.2742	0.4032
MSMEG_6446	0.3125	0.125	0.4375	0.125
MSMEG_6447	0.2473	0.1593	0.2527	0.3407
MSMEG_6448	0.3636	0.1818	0.2727	0.1818
MSMEG_6451	0.2857	0.2857	0.1714	0.2571
MSMEG_6452	0.3333	0.1389	0.3056	0.2222
MSMEG_6456	0.3158	0.1053	0.2632	0.3158
MSMEG_6457	0.1951	0.2195	0.3659	0.2195
MSMEG_6477	0.32	0.16	0.36	0.16
MSMEG_6480	0.2414	0.1034	0.3793	0.2759
MSMEG_6481	0.1954	0.1466	0.3192	0.3388
MSMEG_6484	0.1429	0.2468	0.3506	0.2597
MSMEG_6487	0.225	0.15	0.275	0.35
MSMEG_6497	0.2289	0.3373	0.2651	0.1687
MSMEG_6498	0.4762	0.0714	0.1905	0.2619
MSMEG_6508	0.1912	0.1912	0.3137	0.3039
MSMEG_6511	0.2917	0.125	0.375	0.2083
MSMEG_6515	0	0	1.0	0
MSMEG_6518	0.1818	0.2348	0.3258	0.2576
MSMEG_6519	0.1605	0.1265	0.358	0.3549
MSMEG_6524	0.1513	0.1849	0.3277	0.3361
MSMEG_6525	0	0	1.0	0
MSMEG_6528	0.2419	0.2016	0.2903	0.2661
MSMEG_6535	0.1667	0.0417	0.4583	0.3333
MSMEG_6538	0.1854	0.1391	0.3311	0.3444
MSMEG_6540	0.1667	0.3095	0.3095	0.2143
MSMEG_6541	0.211	0.1376	0.2752	0.3761
MSMEG_6544	0.1892	0.1622	0.3838	0.2649
MSMEG_6552	0.1915	0.1277	0.4043	0.2766
MSMEG_6555	0.1515	0.2727	0.3636	0.2121
MSMEG_6563	0.25	0.1538	0.3077	0.2885
MSMEG_6566	0.2698	0.127	0.3651	0.2381
MSMEG_6568	0.2429	0.1571	0.3429	0.2571
MSMEG_6577	0.1833	0.1417	0.35	0.325
MSMEG_6579	0.3077	0.1154	0.3269	0.25
MSMEG_6581	0.2388	0.2239	0.2388	0.2985
MSMEG_6587	0.234	0.234	0.2553	0.2766
MSMEG_6588	0.2143	0.2143	0.2381	0.3333
MSMEG_6590	0	0	1.0	0
MSMEG_6596	0.24	0.2	0.32	0.24
MSMEG_6601	0	0	1.0	0
MSMEG_6603	0.2857	0.1714	0.2857	0.2571
MSMEG_6604	0.1852	0.1111	0.4815	0.2222
MSMEG_6618	0.3333	0	0	0.6667
MSMEG_6630	0.2414	0.2069	0.3793	0.1724
MSMEG_6634	0.1296	0.1262	0.3688	0.3754
MSMEG_6635	0.2609	0.1304	0.2609	0.3478
MSMEG_6636	0.25	0.2	0.3	0.25
MSMEG_6637	0.2	0.1846	0.2923	0.3231
MSMEG_6638	0.1711	0.174	0.3481	0.3068
MSMEG_6640	0.1708	0.1833	0.3354	0.3104
MSMEG_6642	0.1393	0.15	0.375	0.3357
MSMEG_6649	0.1734	0.1796	0.3498	0.2972
MSMEG_6650	0.1833	0.1667	0.2722	0.3778
MSMEG_6654	0.2523	0.2342	0.2883	0.2252
MSMEG_6660	0.2308	0.1795	0.2308	0.359
MSMEG_6663	0.2143	0.0536	0.4464	0.2857
MSMEG_6678	0.2059	0.0588	0.5	0.2353
MSMEG_6686	0.1692	0.1692	0.2462	0.4154
MSMEG_6690	0.2083	0.0938	0.3542	0.3438
MSMEG_6698	0.1923	0.1923	0.4231	0.1923
MSMEG_6700	0.1918	0.1507	0.274	0.3836
MSMEG_6726	0.219	0.1429	0.381	0.2571
MSMEG_6727	0.2128	0.0851	0.4468	0.2553
MSMEG_6730	0.3243	0.0541	0.2973	0.3243
MSMEG_6739	0.3191	0.1596	0.266	0.2553
MSMEG_6740	0.2034	0.1864	0.2881	0.322
MSMEG_6743	0.3243	0.2432	0.2703	0.1622
MSMEG_6744	0.1304	0.2	0.313	0.3565
MSMEG_6747	0.1591	0.1818	0.3409	0.3182
MSMEG_6754	0.2791	0.1628	0.2791	0.2791
MSMEG_6758	0.3148	0.1111	0.2593	0.3148
MSMEG_6759	0.1465	0.1805	0.276	0.397
MSMEG_6760	0.1866	0.1487	0.3353	0.3294
MSMEG_6761	0.2	0.1538	0.3231	0.3231
MSMEG_6764	0.4091	0.0455	0.3182	0.2273
MSMEG_6771	0.2243	0.1589	0.2617	0.3551
MSMEG_6772	0.2453	0.1321	0.3585	0.2642
MSMEG_6781	0.1671	0.1482	0.3477	0.3369
MSMEG_6783	0.3913	0.087	0.3043	0.2174
MSMEG_6786	0.1791	0.1383	0.3583	0.3243
MSMEG_6787	0.2177	0.1129	0.3226	0.3468
MSMEG_6789	0.2159	0.1477	0.3523	0.2841
MSMEG_6800	0.1694	0.1935	0.3548	0.2823
MSMEG_6802	0.1978	0.1758	0.3187	0.3077
MSMEG_6804	0.1818	0.0227	0.4091	0.3864
MSMEG_6808	0.2	0.1429	0.3429	0.3143
MSMEG_6821	0.2414	0.1552	0.3276	0.2759
MSMEG_6822	0.1724	0.2241	0.3103	0.2931
MSMEG_6826	0.1562	0.25	0.3438	0.25
MSMEG_6843	0.2188	0.1211	0.3477	0.3125
MSMEG_6859	0.1739	0.2174	0.3043	0.3043
MSMEG_6861	0.3	0.1857	0.2429	0.2714
MSMEG_6864	0	0	1.0	0
MSMEG_6865	0.1695	0.1864	0.2458	0.3983
MSMEG_6874	0.25	0.2188	0.25	0.2812
MSMEG_6881	0.3243	0.1622	0.3784	0.1351
MSMEG_6884	0.25	0.125	0.3393	0.2857
MSMEG_6892	0.2015	0.2205	0.3004	0.2776
MSMEG_6896	0.1795	0.1795	0.2949	0.3462
MSMEG_6897	0.2258	0.1613	0.3011	0.3118
MSMEG_6900	0.1542	0.1168	0.3458	0.3832
MSMEG_6903	0.2273	0.1932	0.3409	0.2386
MSMEG_6911	0.158	0.1761	0.3296	0.3363
MSMEG_6914	0	0	1.0	0
MSMEG_6919	0.28	0.14	0.32	0.26
MSMEG_6922	0.1842	0.1316	0.2895	0.3947
MSMEG_6925	0.2049	0.1352	0.3607	0.2992
MSMEG_6932	0	0	1.0	0
MSMEG_6933	0.2162	0.1622	0.3784	0.2432
MSMEG_6934	0.3333	0.0556	0.3333	0.2778
MSMEG_6935	0.1778	0.1556	0.3333	0.3333
MSMEG_6936	0.2143	0.119	0.2857	0.381
MSMEG_6941	0.2404	0.092	0.3798	0.2878
MSMEG_6942	0.25	0.0776	0.3448	0.3276
MSMEG_6946	0.2083	0.1429	0.3452	0.3036
MSMEG_6947	0.2257	0.1903	0.2655	0.3186
