gene	ratio_5pTo3p	coverageRatio_5pTo3p_log2	HalfLife_5p300nt_logPhase	HalfLife_entireGene_logPhase	CDS_length	halfLifeRatio_5pVScds	halfLifeRatio_5pVScds_log2	halfLifeRatio_5pVScds_log2_subset
MSMEG_0011	10.6416170227458	3.41164548383214	0.620963368	0.64	801	0.9702552625	-0.0435637419221806	logPhase_halfLifeRatio_G3
MSMEG_0020	0.862633859457906	-0.213179750118791	1.144928919	1.12	948	1.02225796339286	0.0317593015071103	logPhase_halfLifeRatio_G3
MSMEG_0021	1.07904483974674	0.109754817315403	0.827677537	0.82	411	1.00936285	0.0134448937629755	logPhase_halfLifeRatio_G3
MSMEG_0043	0.945980896374196	-0.0801170455557747	0.816404283	0.84	786	0.971909860714286	-0.0411055768697958	logPhase_halfLifeRatio_G3
MSMEG_0048	0.586773425908522	-0.769124559898761	1.069766613	1.1	504	0.972515102727273	-0.0402074402018433	logPhase_halfLifeRatio_G3
MSMEG_0056	1.06586617554962	0.0920263124022632	0.619195046	0.62	318	0.998701687096774	-0.00187428655566418	logPhase_halfLifeRatio_G3
MSMEG_0064	3.39809545471652	1.76472637933553	2.895969231	2.89	1296	1.00206547785467	0.00297678147709408	logPhase_halfLifeRatio_G3
MSMEG_0065	0.993695559046567	-0.00912417743446015	4.866042779	4.87	303	0.999187428952772	-0.00117276876373208	logPhase_halfLifeRatio_G3
MSMEG_0069	0.943710969747179	-0.0835830216990667	1.373532038	1.34	702	1.02502390895522	0.0356575613686218	logPhase_halfLifeRatio_G3
MSMEG_0070	1.02740996485705	0.0390119715755201	1.007206321	1.01	336	0.997233981188119	-0.00399605074997897	logPhase_halfLifeRatio_G3
MSMEG_0077	1.02048183562239	0.0292505029088738	1.378355228	1.36	318	1.01349649117647	0.0193410940627614	logPhase_halfLifeRatio_G3
MSMEG_0085	1.23105672128987	0.299897235939648	0.871861299	0.88	2016	0.990751476136364	-0.0134048831982415	logPhase_halfLifeRatio_G3
MSMEG_0095	1.12289079699593	0.167217630059964	0.713533349	0.7	936	1.01933335571429	0.0276259376540384	logPhase_halfLifeRatio_G3
MSMEG_0101	1.47350675482385	0.5592536740544	0.562498242	0.58	555	0.969824555172414	-0.044204312820482	logPhase_halfLifeRatio_G3
MSMEG_0128	0.753958897031581	-0.407442219490311	0.640779187	0.66	450	0.970877556060606	-0.0426387358061279	logPhase_halfLifeRatio_G3
MSMEG_0132	3.54617277111326	1.82626282669241	1.002004008	0.97	801	1.03299382268041	0.0468316268893403	logPhase_halfLifeRatio_G3
MSMEG_0141	1.7630989704287	0.818113461691029	2.666531224	2.61	969	1.02165947279693	0.0309144146989204	logPhase_halfLifeRatio_G3
MSMEG_0146	0.984262549401208	-0.0228848929452918	0.652627915	0.65	819	1.00404294615385	0.00582097932661721	logPhase_halfLifeRatio_G3
MSMEG_0173	1.01945464961997	0.0277975985780498	0.828763623	0.82	321	1.01068734512195	0.0153367703337303	logPhase_halfLifeRatio_G3
MSMEG_0187	0.987860513677233	-0.0176207478474292	0.467978567	0.47	477	0.995699078723404	-0.00621829961168933	logPhase_halfLifeRatio_G3
MSMEG_0188	0.815661906254089	-0.293956819218435	0.808200541	0.8	465	1.01025067625	0.0147133172449011	logPhase_halfLifeRatio_G3
MSMEG_0194	1.44109618646723	0.527166631909694	1.011843386	1	699	1.011843386	0.0169860057176879	logPhase_halfLifeRatio_G3
MSMEG_0214	1.23151714438827	0.300436712247565	0.854092527	0.87	1284	0.981715548275862	-0.0266230301634341	logPhase_halfLifeRatio_G3
MSMEG_0220	1.96372738144132	0.973594658398978	0.566107164	0.55	840	1.02928575272727	0.0416435622239056	logPhase_halfLifeRatio_G3
MSMEG_0222	1.47949873819573	0.565108466116467	0.500449809	0.51	744	0.981274135294118	-0.0272718612151821	logPhase_halfLifeRatio_G3
MSMEG_0226	1.48513302865582	0.570592164148143	0.379470638	0.37	429	1.02559631891892	0.0364629889423891	logPhase_halfLifeRatio_G3
MSMEG_0230	0.999458848684082	-0.000780927638917583	0.4844883	0.49	306	0.988751632653061	-0.0163199230834447	logPhase_halfLifeRatio_G3
MSMEG_0245	1.18218457374998	0.241455300190019	0.919836269	0.93	369	0.989071256989247	-0.015853632141832	logPhase_halfLifeRatio_G3
MSMEG_0252	0.588536356485213	-0.764796555238235	0.525067602	0.54	792	0.972347411111111	-0.0404562267992641	logPhase_halfLifeRatio_G3
MSMEG_0268	5.88313709275879	2.55658565527872	0.939967414	0.91	780	1.03293122417582	0.0467441982071609	logPhase_halfLifeRatio_G3
MSMEG_0282	0.94855895423214	-0.0761906530005185	1.128838049	1.13	321	0.998971724778761	-0.00148425080235967	logPhase_halfLifeRatio_G3
MSMEG_0317	2.41783612303175	1.27371646439619	0.536720637	0.55	1197	0.975855703636363	-0.0352602575895492	logPhase_halfLifeRatio_G3
MSMEG_0319	2.13963113413394	1.0973621018486	1.013222554	1.02	1194	0.993355445098039	-0.00961805576032723	logPhase_halfLifeRatio_G3
MSMEG_0371	0.729155006568078	-0.455702554086012	1.846312101	1.91	858	0.96665555026178	-0.048926191178619	logPhase_halfLifeRatio_G3
MSMEG_0383	0.95736079293862	-0.0628653707089829	1.472896082	1.46	339	1.00883293287671	0.0126872776487168	logPhase_halfLifeRatio_G3
MSMEG_0387	0.900692390065348	-0.150893622701042	0.596936013	0.59	735	1.01175595423729	0.0168613393689194	logPhase_halfLifeRatio_G3
MSMEG_0388	1.21989625431878	0.286758459473331	0.758906308	0.76	723	0.998560931578947	-0.00207763216077772	logPhase_halfLifeRatio_G3
MSMEG_0422	1.57970605269034	0.659656130694178	0.75603886	0.78	768	0.96928058974359	-0.0450137338559766	logPhase_halfLifeRatio_G3
MSMEG_0424	0.83914509217973	-0.25300781381632	1.552921341	1.56	438	0.995462398076923	-0.00656127329869519	logPhase_halfLifeRatio_G3
MSMEG_0457	1.68187137324087	0.750067374865734	0.499733475	0.51	2034	0.979869558823529	-0.0293383858265292	logPhase_halfLifeRatio_G3
MSMEG_0464	3.19605253350512	1.67629112203449	1.191313622	1.2	807	0.992761351666667	-0.010481142638425	logPhase_halfLifeRatio_G3
MSMEG_0491	3.08245911602424	1.62408175967264	0.47254885	0.47	1029	1.00542308510638	0.00780271965431788	logPhase_halfLifeRatio_G3
MSMEG_0537	1.13459113354578	0.182172494981228	0.415617727	0.42	429	0.989566016666667	-0.0151321382556862	logPhase_halfLifeRatio_G3
MSMEG_0540	1.57476980567307	0.655140955923446	0.370477855	0.37	624	1.0012915	0.00186203849260355	logPhase_halfLifeRatio_G3
MSMEG_0541	0.971010942869559	-0.042440540607788	0.463667767	0.46	351	1.00797340652174	0.0114575765508121	logPhase_halfLifeRatio_G3
MSMEG_0598	1.15374307776729	0.206321992009067	0.641718093	0.66	435	0.972300140909091	-0.0405263644300949	logPhase_halfLifeRatio_G3
MSMEG_0601	0.997110736648147	-0.00417435922922011	0.784344484	0.78	309	1.00556985128205	0.00801330103464136	logPhase_halfLifeRatio_G3
MSMEG_0608	0.998412853341987	-0.00229158763693971	0.495441934	0.48	600	1.03217069583333	0.0456815770288645	logPhase_halfLifeRatio_G3
MSMEG_0618	1.00842463807728	0.0121032720176232	4.608927053	4.55	312	1.01295100065934	0.018564388536372	logPhase_halfLifeRatio_G3
MSMEG_0638	6.23892611626026	2.64129772458837	0.635808749	0.62	1932	1.02549798225806	0.0363246532130376	logPhase_halfLifeRatio_G3
MSMEG_0644	0.962304897821623	-0.0554340232593195	0.48374223	0.5	450	0.96748446	-0.0476896064065298	logPhase_halfLifeRatio_G3
MSMEG_0645	2.10745220849124	1.07549991498493	0.82444762	0.82	867	1.00542392682927	0.00780392745324575	logPhase_halfLifeRatio_G3
MSMEG_0683	0.981063667055624	-0.0275813303440343	1.175433441	1.19	369	0.987759194117647	-0.0177687249360468	logPhase_halfLifeRatio_G3
MSMEG_0687	4.5448781960748	2.18424163033279	0.947886552	0.92	1236	1.03031146956522	0.0430805390286739	logPhase_halfLifeRatio_G3
MSMEG_0713	0.965496987855737	-0.0506563366046206	1.551862697	1.51	360	1.02772364039735	0.0394523693664969	logPhase_halfLifeRatio_G3
MSMEG_0728	0.990200588137104	-0.0142072886874393	0.733774413	0.73	309	1.00517042876712	0.00744013413208012	logPhase_halfLifeRatio_G3
MSMEG_0736	3.30955664476269	1.72663796348471	0.476050684	0.49	837	0.971532008163265	-0.0416665671593875	logPhase_halfLifeRatio_G3
MSMEG_0750	3.19477227896486	1.67571310058805	0.437732545	0.43	723	1.0179826627907	0.0257129911593117	logPhase_halfLifeRatio_G3
MSMEG_0765	0.993236476810363	-0.0097908491327015	0.339731612	0.34	303	0.999210623529412	-0.00113927923880632	logPhase_halfLifeRatio_G3
MSMEG_0767	0.856946368423494	-0.222723178099899	0.698327506	0.68	486	1.02695221470588	0.0383690529212038	logPhase_halfLifeRatio_G3
MSMEG_0768	1.04839518184371	0.0681826285365497	0.719218723	0.72	411	0.998914893055556	-0.00156632837825821	logPhase_halfLifeRatio_G3
MSMEG_0776	1.03357018009167	0.0476363520267638	0.452748181	0.45	312	1.00610706888889	0.00878384344919691	logPhase_halfLifeRatio_G3
MSMEG_0793	1.11902330488511	0.16224008233045	0.843094156	0.84	759	1.00368351904762	0.00530443116306838	logPhase_halfLifeRatio_G3
MSMEG_0832	0.696213171479805	-0.522398986587266	1.00077107	1.03	594	0.971622398058252	-0.0415323471993875	logPhase_halfLifeRatio_G3
MSMEG_0833	1.00847501888125	0.012175347131335	0.341712893	0.34	312	1.00503792058824	0.00724993604351187	logPhase_halfLifeRatio_G3
MSMEG_0849	1.05308948734184	0.0746280360396219	0.663049364	0.66	318	1.00462024848485	0.0066502584563253	logPhase_halfLifeRatio_G3
MSMEG_0857	0.826523958687999	-0.274871454947046	2.4	2.36	387	1.01694915254237	0.0242475462466772	logPhase_halfLifeRatio_G3
MSMEG_0861	1.4745163240288	0.560241794230802	1.007302946	1.01	699	0.997329649504951	-0.00385765435665739	logPhase_halfLifeRatio_G3
MSMEG_0882	0.87327993611553	-0.195483900702489	0.600793047	0.62	384	0.969021043548387	-0.0454000989134133	logPhase_halfLifeRatio_G3
MSMEG_0884	1.01810295220235	0.0258834564251971	0.485385841	0.49	381	0.990583348979592	-0.0136497244162133	logPhase_halfLifeRatio_G3
MSMEG_0916	1.99642462510458	0.997418604131943	0.416739017	0.43	705	0.969160504651163	-0.0451924817870347	logPhase_halfLifeRatio_G3
MSMEG_0921	1.25976583192901	0.333155587287581	0.750995068	0.74	405	1.0148582	0.0212781624369666	logPhase_halfLifeRatio_G3
MSMEG_0933	12.5475981307355	3.64933932388352	0.910235599	0.9	1305	1.01137288777778	0.016315009272097	logPhase_halfLifeRatio_G3
MSMEG_0936	4.61161032344201	2.20527061182119	0.995470609	1.02	1191	0.97595157745098	-0.0351185256897346	logPhase_halfLifeRatio_G3
MSMEG_0938	2.36861441996626	1.2440433654514	0.530536815	0.52	801	1.02026310576923	0.0289412428252094	logPhase_halfLifeRatio_G3
MSMEG_0941	1.95951205999368	0.97049445216418	0.666483648	0.65	846	1.02535945846154	0.0361297614661718	logPhase_halfLifeRatio_G3
MSMEG_0958	1.01716551058115	0.0245544499590717	2.076057863	2.03	396	1.02268860246305	0.0323669270270567	logPhase_halfLifeRatio_G3
MSMEG_0962	1.28061335096992	0.356834955898808	0.470610382	0.47	594	1.00129868510638	0.00187239100249211	logPhase_halfLifeRatio_G3
MSMEG_0971	1.21315672536783	0.2787659414767	0.592075492	0.61	654	0.970615560655738	-0.0430281056889045	logPhase_halfLifeRatio_G3
MSMEG_0978	1.98168034980012	0.986724270824523	0.971408218	1	1041	0.971408218	-0.0418504034426561	logPhase_halfLifeRatio_G3
MSMEG_0983	1.70087653768406	0.766278423226241	0.611737495	0.63	654	0.971011896825397	-0.0424391232533393	logPhase_halfLifeRatio_G3
MSMEG_0986	0.539388068151235	-0.890604486939055	0.949246073	0.92	729	1.03178920978261	0.0451482643047961	logPhase_halfLifeRatio_G3
MSMEG_0987	0.801153731969029	-0.319848989495953	1.589867246	1.61	372	0.987495183850932	-0.0181543829141285	logPhase_halfLifeRatio_G3
MSMEG_0990	2.76337142202337	1.46642948639873	0.693171109	0.69	780	1.00459581014493	0.00661516310492031	logPhase_halfLifeRatio_G3
MSMEG_1008	2.1099539496199	1.07721151202251	0.374779817	0.37	492	1.01291842432432	0.0185179909587167	logPhase_halfLifeRatio_G3
MSMEG_1010	0.816119477728873	-0.293147720498097	0.429814821	0.43	660	0.999569351162791	-0.000621428760199009	logPhase_halfLifeRatio_G3
MSMEG_1063	0.920555333172229	-0.119423652514867	0.448826319	0.46	324	0.975709389130435	-0.0354765836688497	logPhase_halfLifeRatio_G3
MSMEG_1077	1.04079442084622	0.057685133656566	0.800064005	0.78	462	1.02572308333333	0.0366412960281298	logPhase_halfLifeRatio_G3
MSMEG_1151	3.40912065806515	1.76939966128828	1.38834255	1.43	606	0.970868916083916	-0.0426515746104754	logPhase_halfLifeRatio_G3
MSMEG_1165	0.940614909195284	-0.0883238951052125	1.413113695	1.43	492	0.988191395104895	-0.0171376016333539	logPhase_halfLifeRatio_G3
MSMEG_1173	1.20902073244486	0.273838984321472	0.636226751	0.63	372	1.00988373174603	0.0141892045721172	logPhase_halfLifeRatio_G3
MSMEG_1211	2.08702011566482	1.0614445059266	0.512365077	0.53	1092	0.966726560377358	-0.0488202152920314	logPhase_halfLifeRatio_G3
MSMEG_1246	2.29830745207195	1.20057180490743	1.203710869	1.2	1437	1.00309239083333	0.00445449294749905	logPhase_halfLifeRatio_G3
MSMEG_1247	0.941060050077126	-0.0876413090384265	1.554703348	1.59	825	0.977800847798742	-0.0323874386571736	logPhase_halfLifeRatio_G3
MSMEG_1251	1.01362912004508	0.0195298766524907	0.592212407	0.58	366	1.02105587413793	0.0300618154185725	logPhase_halfLifeRatio_G3
MSMEG_1256	0.964949147175953	-0.0514751805379439	1.490397581	1.46	420	1.0208202609589	0.0297288687127303	logPhase_halfLifeRatio_G3
MSMEG_1260	0.741063302024462	-0.432331311308857	0.552817064	0.56	1368	0.987173328571428	-0.0186246785782505	logPhase_halfLifeRatio_G3
MSMEG_1261	1.91756346257468	0.939274325121531	0.585880285	0.59	1083	0.99301743220339	-0.0101090507161549	logPhase_halfLifeRatio_G3
MSMEG_1262	1.00783531062257	0.0112599087190206	0.53226205	0.52	366	1.02358086538462	0.0336250832903604	logPhase_halfLifeRatio_G3
MSMEG_1265	1.83159848504995	0.873103276844002	0.809465348	0.81	1539	0.999339935802469	-0.000952585762921698	logPhase_halfLifeRatio_G3
MSMEG_1284	1.02254187231637	0.0321599216475221	1.057399151	1.04	390	1.01672995288462	0.0239365451063381	logPhase_halfLifeRatio_G3
MSMEG_1295	0.967063690084187	-0.0483171872506097	0.884392991	0.89	318	0.99369998988764	-0.00911774454046736	logPhase_halfLifeRatio_G3
MSMEG_1340	1.35403030199523	0.437260025507495	0.417089549	0.43	477	0.969975695348837	-0.0439794966999689	logPhase_halfLifeRatio_G3
MSMEG_1342	0.997303371388516	-0.00389566767326092	0.576451147	0.56	510	1.02937704821429	0.0417715205727864	logPhase_halfLifeRatio_G3
MSMEG_1344	0.921799866135424	-0.11747453672221	0.581353502	0.59	435	0.985344918644068	-0.0212992684778723	logPhase_halfLifeRatio_G3
MSMEG_1364	1.06457124484957	0.0902725032441593	1.632995848	1.62	528	1.00802212839506	0.0115273096467654	logPhase_halfLifeRatio_G3
MSMEG_1365	0.857259609325557	-0.222195923957858	1.97204393	1.96	393	1.0061448622449	0.00883803575628875	logPhase_halfLifeRatio_G3
MSMEG_1392	0.782486698544063	-0.353861866941303	1.228073766	1.26	1158	0.974661719047619	-0.0370265128818123	logPhase_halfLifeRatio_G3
MSMEG_1398	1.12138742072385	0.16528479143095	0.920923379	0.94	375	0.979705722340426	-0.0295796279819221	logPhase_halfLifeRatio_G3
MSMEG_1402	1.37321256092969	0.457554958961911	1.992958214	1.95	918	1.02202985333333	0.0314373377891594	logPhase_halfLifeRatio_G3
MSMEG_1403	3.22408360781331	1.6888891567113	0.875030991	0.86	918	1.01747789651163	0.0249974540105112	logPhase_halfLifeRatio_G3
MSMEG_1422	1.03997882029922	0.0565541474428815	3.805737508	3.8	309	1.00150987052632	0.00217663991167277	logPhase_halfLifeRatio_G3
MSMEG_1434	0.943145303880566	-0.0844480408066876	0.786063469	0.8	366	0.98257933625	-0.0253541955125758	logPhase_halfLifeRatio_G3
MSMEG_1435	1.00283556807015	0.00408507097776527	1.02312257	1.02	306	1.00306134313725	0.00440983798770347	logPhase_halfLifeRatio_G3
MSMEG_1438	1.00191508111431	0.00276023583155318	0.993746495	0.99	303	1.00378433838384	0.00544934163421025	logPhase_halfLifeRatio_G3
MSMEG_1439	1.21461706533985	0.280501544272811	1.222785739	1.19	648	1.02755104117647	0.0392100581631886	logPhase_halfLifeRatio_G3
MSMEG_1441	1.01339170493107	0.0191919249107383	1.321814663	1.28	462	1.03266770546875	0.0463760946721681	logPhase_halfLifeRatio_G3
MSMEG_1442	1.08924617959127	0.123330053171009	1.562907007	1.54	828	1.01487467987013	0.0213015895855799	logPhase_halfLifeRatio_G3
MSMEG_1443	0.949086040796832	-0.0753892120623576	1.647711446	1.6	417	1.02981965375	0.0423917088439403	logPhase_halfLifeRatio_G3
MSMEG_1465	0.942270430425999	-0.0857869239632583	0.811238355	0.83	369	0.977395608433735	-0.0329854725056666	logPhase_halfLifeRatio_G3
MSMEG_1466	0.989638786833062	-0.015026050034756	0.997539403	1	318	0.997539403	-0.00355426569277269	logPhase_halfLifeRatio_G3
MSMEG_1467	1.07664661904169	0.106544800843486	0.88102585	0.9	564	0.978917611111111	-0.0307406518542981	logPhase_halfLifeRatio_G3
MSMEG_1470	0.835053416160255	-0.260059608959733	0.980451661	0.96	540	1.02130381354167	0.0304120974498183	logPhase_halfLifeRatio_G3
MSMEG_1471	1.04958927793533	0.0698248873127889	1.197328248	1.21	384	0.989527477685951	-0.0151883255924905	logPhase_halfLifeRatio_G3
MSMEG_1484	1.00249967132137	0.00360176367959123	0.669644992	0.69	546	0.970499988405797	-0.0431998991837649	logPhase_halfLifeRatio_G3
MSMEG_1485	2.19667317133282	1.13532023654663	0.578622383	0.56	798	1.03325425535714	0.0471953053238787	logPhase_halfLifeRatio_G3
MSMEG_1514	6.85177041486161	2.77647681124536	2.311782384	2.33	897	0.992181280686695	-0.0113243564788165	logPhase_halfLifeRatio_G3
MSMEG_1521	1.10082251964635	0.138581888824331	1.683501684	1.71	375	0.98450390877193	-0.022531160822814	logPhase_halfLifeRatio_G3
MSMEG_1522	1.03367688374178	0.0477852851946398	1.296520386	1.27	417	1.02088219370079	0.0298163937675269	logPhase_halfLifeRatio_G3
MSMEG_1529	0.960096742359572	-0.0587483112510466	0.554815801	0.57	663	0.973361054385965	-0.0389530434764874	logPhase_halfLifeRatio_G3
MSMEG_1531	2.0561933848246	1.03997595626685	0.536216989	0.53	561	1.01173016792453	0.0168245693756526	logPhase_halfLifeRatio_G3
MSMEG_1542	1.17364787842523	0.23099963140487	0.659391382	0.67	1272	0.984166241791045	-0.0230260639262445	logPhase_halfLifeRatio_G3
MSMEG_1543	1.52531218194279	0.609104545789063	1.044544864	1.04	1545	1.00437006153846	0.00629093022371717	logPhase_halfLifeRatio_G3
MSMEG_1546	0.974902947218872	-0.0366694909330795	1.473296501	1.46	429	1.00910719246575	0.0130794329426156	logPhase_halfLifeRatio_G3
MSMEG_1553	3.36162507353269	1.74915882787037	0.940346227	0.91	1416	1.0333475021978	0.0473254965948358	logPhase_halfLifeRatio_G3
MSMEG_1556	1.03011953841492	0.0428117621383527	1.077088783	1.05	444	1.02579884095238	0.0367478463311661	logPhase_halfLifeRatio_G3
MSMEG_1557	0.840748091359045	-0.250254496294548	0.976258327	1	453	0.976258327	-0.0346651461061164	logPhase_halfLifeRatio_G3
MSMEG_1560	1.03441827232339	0.048819664751819	0.654224969	0.65	309	1.00649995230769	0.00934710389814244	logPhase_halfLifeRatio_G3
MSMEG_1576	1.23203174486147	0.301039429380365	0.769707255	0.79	1059	0.974312981012658	-0.0375428075663575	logPhase_halfLifeRatio_G3
MSMEG_1578	1.34736954708597	0.430145597368994	1.249676423	1.23	645	1.01599709186992	0.0228962726308945	logPhase_halfLifeRatio_G3
MSMEG_1582	0.999155923560001	-0.00121825911838849	2.066125866	2.07	303	0.99812843768116	-0.00270262352990869	logPhase_halfLifeRatio_G3
MSMEG_1599	1.84091410843162	0.880422316405104	0.891123393	0.88	579	1.01264021931818	0.0181216904255321	logPhase_halfLifeRatio_G3
MSMEG_1600	2.82005818481563	1.49572492931874	0.621356006	0.64	1200	0.970868759375	-0.0426518074773338	logPhase_halfLifeRatio_G3
MSMEG_1601	0.911331545964203	-0.133952087291933	0.318745418	0.32	411	0.99607943125	-0.00566730188997328	logPhase_halfLifeRatio_G3
MSMEG_1610	1.80207339034017	0.849657766825022	0.902798676	0.92	1563	0.981302908695652	-0.027229558423724	logPhase_halfLifeRatio_G3
MSMEG_1611	2.04871457553697	1.03471900380235	0.53473689	0.55	678	0.972248890909091	-0.0406024109783207	logPhase_halfLifeRatio_G3
MSMEG_1621	1.64734122701399	0.720139423025256	0.62024479	0.62	1062	1.00039482258065	0.000569496161552196	logPhase_halfLifeRatio_G3
MSMEG_1629	2.24236908757651	1.16502376119038	0.878826557	0.9	1170	0.976473952222222	-0.0343465346473262	logPhase_halfLifeRatio_G3
MSMEG_1634	1.07929095833541	0.110083843103876	0.62792377	0.61	600	1.0293832295082	0.0417801837689521	logPhase_halfLifeRatio_G3
MSMEG_1636	1.18592607617656	0.246014083359999	0.47614135	0.48	465	0.991961145833333	-0.0116444821495648	logPhase_halfLifeRatio_G3
MSMEG_1642	0.310484621168272	-1.68740628381275	0.848992529	0.87	2700	0.975853481609195	-0.035263542615413	logPhase_halfLifeRatio_G3
MSMEG_1659	1.03206233260373	0.0455301066357969	1.469615695	1.47	318	0.999738568027211	-0.00037721592097251	logPhase_halfLifeRatio_G3
MSMEG_1661	1.39453406658255	0.47978317788677	0.662690524	0.66	1194	1.00407655151515	0.00586926558464436	logPhase_halfLifeRatio_G3
MSMEG_1662	0.58604178374845	-0.770924564953738	1.309700515	1.34	1386	0.977388444029851	-0.0329960476379344	logPhase_halfLifeRatio_G3
MSMEG_1669	1.04529926832966	0.0639160438601645	1.217080861	1.19	786	1.02275702605042	0.0324634481653686	logPhase_halfLifeRatio_G3
MSMEG_1671	0.864088905083227	-0.210748337679122	1.129433025	1.15	471	0.982115673913044	-0.0260351392347639	logPhase_halfLifeRatio_G3
MSMEG_1672	1.04087578759379	0.0577979155975276	1.046371706	1.06	417	0.987143118867924	-0.018668828936712	logPhase_halfLifeRatio_G3
MSMEG_1673	0.906023971701213	-0.142378873096044	0.70682201	0.69	387	1.02437972463768	0.0347506033290138	logPhase_halfLifeRatio_G3
MSMEG_1681	0.960860994021273	-0.0576003608098479	1.627206899	1.63	444	0.998286441104295	-0.00247426342510428	logPhase_halfLifeRatio_G3
MSMEG_1725	0.945889523282987	-0.0802564034148441	0.690075563	0.71	390	0.971937412676056	-0.041064679542974	logPhase_halfLifeRatio_G3
MSMEG_1734	1.19055179542575	0.251630386990752	0.557911181	0.54	468	1.0331688537037	0.0470760571975579	logPhase_halfLifeRatio_G3
MSMEG_1735	5.18255095374324	2.37366239567648	1.305113871	1.3	1416	1.00393374692308	0.00566406397057947	logPhase_halfLifeRatio_G3
MSMEG_1738	0.767001841549408	-0.382698053285609	0.455224843	0.47	588	0.968563495744681	-0.0460814647545005	logPhase_halfLifeRatio_G3
MSMEG_1740	2.08689591266559	1.06135864552601	0.650300764	0.63	771	1.03222343492063	0.0457552901038963	logPhase_halfLifeRatio_G3
MSMEG_1742	1.26913490288845	0.343845428819693	0.893388922	0.91	1092	0.981746068131868	-0.0265781799412103	logPhase_halfLifeRatio_G3
MSMEG_1805	1.07960993482505	0.110510157998251	0.798655217	0.8	357	0.99831902125	-0.00242718029773533	logPhase_halfLifeRatio_G3
MSMEG_1808	1.23475754111295	0.304227779806082	0.701163932	0.7	411	1.00166276	0.00239686345362348	logPhase_halfLifeRatio_G3
MSMEG_1818	1.63609475100078	0.710256301360718	0.365793436	0.36	519	1.01609287777778	0.0230322802451458	logPhase_halfLifeRatio_G3
MSMEG_1822	2.52897162093122	1.33855084776766	1.809900154	1.83	813	0.989016477595628	-0.0159335375556873	logPhase_halfLifeRatio_G3
MSMEG_1824	1.63412074881701	0.708514591368044	0.734475034	0.76	1494	0.966414518421053	-0.0492859664901814	logPhase_halfLifeRatio_G3
MSMEG_1831	0.845196172654426	-0.242641860630342	0.500291837	0.5	390	1.000583674	0.000841817935566924	logPhase_halfLifeRatio_G3
MSMEG_1835	0.800596858762611	-0.320852139737098	0.749716179	0.77	1083	0.973657375324675	-0.0385139097265793	logPhase_halfLifeRatio_G3
MSMEG_1886	1.36797582310751	0.452042733008074	1.344292518	1.39	1257	0.967116919424461	-0.0482377802863535	logPhase_halfLifeRatio_G3
MSMEG_1915	1.0023192844424	0.00334214596629535	2.029495332	2.02	306	1.00470065940594	0.00676572874949676	logPhase_halfLifeRatio_G3
MSMEG_1920	1.80275425314886	0.85020274567364	0.618767209	0.63	963	0.982170173015873	-0.0259550840986664	logPhase_halfLifeRatio_G3
MSMEG_1921	1.13937259893834	0.188239615998122	0.756030967	0.76	390	0.994777588157895	-0.00755409016495936	logPhase_halfLifeRatio_G3
MSMEG_1922	0.980705009592006	-0.0281088475340723	0.799073075	0.81	438	0.986509969135802	-0.0195944647696349	logPhase_halfLifeRatio_G3
MSMEG_1923	1.04853463866753	0.0683745221006251	0.918220646	0.91	381	1.00903367692308	0.012974325801183	logPhase_halfLifeRatio_G3
MSMEG_1929	1.35504749498505	0.438343419533793	1.11326106	1.11	1218	1.00293789189189	0.00423226812965787	logPhase_halfLifeRatio_G3
MSMEG_1937	0.992111246152026	-0.0114261947657961	0.760061312	0.75	1191	1.01341508266667	0.0192252057773929	logPhase_halfLifeRatio_G3
MSMEG_1953	1.02241685770575	0.0319835288857976	2.047991262	2.12	312	0.966033614150943	-0.0498547048686086	logPhase_halfLifeRatio_G3
MSMEG_1967	2.0894650040593	1.06313359551464	0.705434195	0.71	615	0.993569288732394	-0.00930751440287332	logPhase_halfLifeRatio_G3
MSMEG_2010	1.01475228719059	0.0211275917870765	0.468596242	0.47	318	0.997013280851064	-0.00431537252030542	logPhase_halfLifeRatio_G3
MSMEG_2014	1.47811360489944	0.563757156443792	0.737584866	0.73	1086	1.01039022739726	0.0149125904042826	logPhase_halfLifeRatio_G3
MSMEG_2017	0.932407087298454	-0.100968124342212	0.805455619	0.81	405	0.99438965308642	-0.00811681008040459	logPhase_halfLifeRatio_G3
MSMEG_2084	1.09863351223218	0.13571020497357	0.671343694	0.66	381	1.01718741515152	0.0245855179361599	logPhase_halfLifeRatio_G3
MSMEG_2117	1.25700411779425	0.329989375861537	1.613293539	1.63	471	0.989750637423313	-0.0148630035012438	logPhase_halfLifeRatio_G3
MSMEG_2125	2.67575534485145	1.4199462105588	0.804311108	0.78	747	1.03116808717949	0.0442795206544024	logPhase_halfLifeRatio_G3
MSMEG_2126	1.36792836607001	0.451992682985904	0.606618205	0.59	399	1.02816644915254	0.040073840337443	logPhase_halfLifeRatio_G3
MSMEG_2134	0.978968510707727	-0.030665639732991	1.012641137	1	366	1.012641137	0.0181229978340104	logPhase_halfLifeRatio_G3
MSMEG_2143	1.01931079116176	0.0275940009689873	0.458361663	0.45	441	1.01858147333333	0.0265613818481827	logPhase_halfLifeRatio_G3
MSMEG_2176	0.942966231703573	-0.0847219870051091	0.686894061	0.69	327	0.995498639130435	-0.00650875113758139	logPhase_halfLifeRatio_G3
MSMEG_2272	1.09911795899999	0.136346226807674	0.448346721	0.45	336	0.996326046666667	-0.00531015486905576	logPhase_halfLifeRatio_G3
MSMEG_2370	1.71670651672579	0.779643421370071	0.653730075	0.66	843	0.990500113636364	-0.0137709542575993	logPhase_halfLifeRatio_G3
MSMEG_2371	0.968673299250021	-0.0459179194685496	0.359193252	0.37	390	0.970792572972973	-0.0427650236624765	logPhase_halfLifeRatio_G3
MSMEG_2374	0.632989971765843	-0.659745451155214	2.010040632	2.02	1014	0.99506961980198	-0.0071306278950482	logPhase_halfLifeRatio_G3
MSMEG_2380	0.89368934142028	-0.162154676768538	1.220504475	1.22	1236	1.00041350409836	0.000596437006015665	logPhase_halfLifeRatio_G3
MSMEG_2386	3.5558746562044	1.83020447038269	1.255413973	1.27	702	0.988514939370079	-0.0166653253999894	logPhase_halfLifeRatio_G3
MSMEG_2411	1.51837509518299	0.602528234174333	0.682609388	0.66	633	1.03425664848485	0.0485942316414964	logPhase_halfLifeRatio_G3
MSMEG_2415	2.8179350476417	1.49463835844487	1.910771519	1.97	579	0.969934781218274	-0.0440403516868225	logPhase_halfLifeRatio_G3
MSMEG_2417	1.47596419004185	0.561657719043461	0.645126606	0.66	612	0.977464554545455	-0.0328837074634489	logPhase_halfLifeRatio_G3
MSMEG_2419	1.52970088249837	0.613249576104418	0.591242849	0.6	858	0.985404748333333	-0.0212116713594011	logPhase_halfLifeRatio_G3
MSMEG_2426	0.872262274949738	-0.197166099934599	3.22404833	3.25	339	0.992014870769231	-0.0115663474362804	logPhase_halfLifeRatio_G3
MSMEG_2435	1.19706018280545	0.259495686326812	0.70008401	0.69	471	1.01461450724638	0.0209316937925868	logPhase_halfLifeRatio_G3
MSMEG_2437	1.03765129903657	0.053321709910638	1.22167247	1.24	522	0.985219733870968	-0.0214825696970017	logPhase_halfLifeRatio_G3
MSMEG_2440	0.971090854468891	-0.0423218155561059	0.570594804	0.57	342	1.00104351578947	0.00150469010709059	logPhase_halfLifeRatio_G3
MSMEG_2443	0.997782668015716	-0.00320248565822884	1.240925731	1.25	306	0.9927405848	-0.0105113216626866	logPhase_halfLifeRatio_G3
MSMEG_2541	1.06966569085067	0.0971599727824432	0.682788051	0.68	558	1.004100075	0.00590306461854284	logPhase_halfLifeRatio_G3
MSMEG_2553	1.09351462597308	0.128972516844826	0.433946162	0.43	549	1.00917712093023	0.0131794044365145	logPhase_halfLifeRatio_G3
MSMEG_2585	1.07518457118182	0.104584340811919	0.915978592	0.9	588	1.01775399111111	0.0253888790017923	logPhase_halfLifeRatio_G3
MSMEG_2587	0.544020196365795	-0.878267883382481	0.591235192	0.6	858	0.985391986666667	-0.0212303553696665	logPhase_halfLifeRatio_G3
MSMEG_2608	0.989748100169718	-0.0148667018952961	0.797590517	0.78	339	1.0225519448718	0.0321741328544986	logPhase_halfLifeRatio_G3
MSMEG_2624	2.31587012819285	1.21155435062177	0.536653429	0.53	546	1.01255363962264	0.0179983362123813	logPhase_halfLifeRatio_G3
MSMEG_2652	1.48505879460735	0.570520049550849	0.736015702	0.72	711	1.02224403055556	0.0317396382000163	logPhase_halfLifeRatio_G3
MSMEG_2655	1.10577160783682	0.145053434155576	0.554974887	0.56	408	0.991026583928571	-0.0130043371854712	logPhase_halfLifeRatio_G3
MSMEG_2664	0.57734269442188	-0.792500178474297	1.053056496	1.05	738	1.00291094857143	0.00419351047849744	logPhase_halfLifeRatio_G3
MSMEG_2670	1.46073045845438	0.546689989142926	0.432049426	0.44	801	0.981930513636364	-0.026307159124541	logPhase_halfLifeRatio_G3
MSMEG_2686	1.43033914427202	0.516357261513168	0.901026527	0.9	438	1.00114058555556	0.00164457941113824	logPhase_halfLifeRatio_G3
MSMEG_2688	1.0089122635019	0.012800721010951	1.393372193	1.39	315	1.0024260381295	0.00349579442565913	logPhase_halfLifeRatio_G3
MSMEG_2694	0.944617985809773	-0.0821970897910761	0.472422346	0.47	339	1.00515392765957	0.0074164503260771	logPhase_halfLifeRatio_G3
MSMEG_2733	6.17825607278279	2.62719966819405	2.038310532	1.98	687	1.02944976363636	0.0418734292697861	logPhase_halfLifeRatio_G3
MSMEG_2763	0.9923526482653	-0.0110751985754618	0.471553533	0.47	303	1.0033053893617	0.00476080501062253	logPhase_halfLifeRatio_G3
MSMEG_2764	1.15681601383703	0.210159428808441	0.429482545	0.44	480	0.976096693181818	-0.0349040251071723	logPhase_halfLifeRatio_G3
MSMEG_2765	1.39297025797807	0.478164454546762	0.897129187	0.89	465	1.00801032247191	0.0115104127493205	logPhase_halfLifeRatio_G3
MSMEG_2768	1.01506386841095	0.0215705054802631	0.379228397	0.37	372	1.02494161351351	0.035541727980786	logPhase_halfLifeRatio_G3
MSMEG_2775	11.9501102751968	3.57895202629385	1.095310247	1.1	1296	0.995736588181818	-0.00616395217727742	logPhase_halfLifeRatio_G3
MSMEG_2779	1.00390134595166	0.00561750165981161	0.609273137	0.6	582	1.01545522833333	0.0221266322629317	logPhase_halfLifeRatio_G3
MSMEG_2783	0.999557152634492	-0.00063903520606371	0.689980336	0.69	312	0.999971501449275	-4.11153036689989e-05	logPhase_halfLifeRatio_G3
MSMEG_2784	1.09390718581544	0.129490335713457	0.639011662	0.63	414	1.01430422539683	0.0204904320683855	logPhase_halfLifeRatio_G3
MSMEG_2800	1.71192833096813	0.775622305289786	1.291961844	1.26	483	1.02536654285714	0.0361397292750352	logPhase_halfLifeRatio_G3
MSMEG_2806	1.05374547395661	0.0755264345226379	0.762340385	0.75	348	1.01645384666667	0.023544709332386	logPhase_halfLifeRatio_G3
MSMEG_2896	1.04302643001907	0.0607757158388209	0.64871878	0.66	864	0.982907242424242	-0.0248728199377147	logPhase_halfLifeRatio_G3
MSMEG_2930	1.19478997852839	0.256757042001364	0.654900291	0.65	432	1.00753890923077	0.0108355539595598	logPhase_halfLifeRatio_G3
MSMEG_2939	1.00866695897545	0.0124499049224263	1.421959799	1.46	582	0.973945067808219	-0.0380876907887341	logPhase_halfLifeRatio_G3
MSMEG_2941	0.772250652787949	-0.372858909515461	2.771874711	2.84	651	0.976012222183099	-0.035028880733893	logPhase_halfLifeRatio_G3
MSMEG_2946	1.09937335531488	0.136681419397435	0.572170447	0.59	387	0.969780418644068	-0.0442699710874358	logPhase_halfLifeRatio_G3
MSMEG_2953	0.986440271576766	-0.0196963956959713	3.769148915	3.78	321	0.997129342592593	-0.00414743899623238	logPhase_halfLifeRatio_G3
MSMEG_2960	0.938453639317243	-0.0916426188553578	0.605258835	0.6	324	1.008764725	0.0125897327639515	logPhase_halfLifeRatio_G3
MSMEG_2974	1.16478239988682	0.220060461380838	1.779623313	1.77	864	1.0054369	0.00782254269387279	logPhase_halfLifeRatio_G3
MSMEG_2975	0.68109025678205	-0.554082100785554	0.726453816	0.72	678	1.00896363333333	0.0128741754797769	logPhase_halfLifeRatio_G3
MSMEG_3004	0.958636241275254	-0.0609446127650871	0.471456666	0.47	456	1.0030992893617	0.00446441470399487	logPhase_halfLifeRatio_G3
MSMEG_3014	1.38929726171992	0.474355319352054	0.481943195	0.48	381	1.00404832291667	0.00582870510001908	logPhase_halfLifeRatio_G3
MSMEG_3020	2.57099799472878	1.36232848493004	1.964700874	1.95	834	1.00753890974359	0.0108355546938678	logPhase_halfLifeRatio_G3
MSMEG_3029	1.62786769321156	0.702983447697361	2.383303258	2.37	444	1.00561318902954	0.00807547653248109	logPhase_halfLifeRatio_G3
MSMEG_3031	1.56829779316869	0.64919952879998	0.735411279	0.75	735	0.980548372	-0.0283392922892531	logPhase_halfLifeRatio_G3
MSMEG_3032	1.59276910913899	0.671537146183518	1.311991603	1.34	576	0.97909821119403	-0.0304745142247837	logPhase_halfLifeRatio_G3
MSMEG_3045	0.948055153544114	-0.0769571038756074	1.908457648	1.93	501	0.988838159585492	-0.0161936765009722	logPhase_halfLifeRatio_G3
MSMEG_3050	0.965241736562555	-0.0510377965839977	3.573935797	3.58	318	0.998306088547486	-0.00244586978099482	logPhase_halfLifeRatio_G3
MSMEG_3053	1.05532415574839	0.0776862084679034	0.707188572	0.72	324	0.98220635	-0.0259019452477499	logPhase_halfLifeRatio_G3
MSMEG_3064	1.01425087221441	0.0204145432036502	0.818018215	0.81	939	1.0098990308642	0.0142110603501906	logPhase_halfLifeRatio_G3
MSMEG_3066	1.35558280523102	0.438913242314255	0.886785003	0.9	678	0.98531667	-0.0213406293882858	logPhase_halfLifeRatio_G3
MSMEG_3070	0.713012412162826	-0.488000903477818	0.900211936	0.9	711	1.00023548444444	0.000339692245656321	logPhase_halfLifeRatio_G3
MSMEG_3071	1.52832277864202	0.611949269792697	0.618563078	0.62	600	0.997682383870968	-0.00334749389908275	logPhase_halfLifeRatio_G3
MSMEG_3073	1.40175295609269	0.487232112241014	0.658733632	0.66	477	0.998081260606061	-0.00277081489513445	logPhase_halfLifeRatio_G3
MSMEG_3074	1.08487831875305	0.117533237346199	0.696084525	0.69	474	1.00881815217391	0.0126661401519632	logPhase_halfLifeRatio_G3
MSMEG_3082	1.20740284569953	0.271907106521488	1.869504159	1.86	393	1.00510976290323	0.00735305936371158	logPhase_halfLifeRatio_G3
MSMEG_3098	1.00387408428492	0.00557832370112833	1.667083438	1.69	372	0.986439904142012	-0.0196969330791376	logPhase_halfLifeRatio_G3
MSMEG_3100	1.25697866597268	0.329960163874084	1.857659084	1.92	912	0.967530772916667	-0.0476205470894967	logPhase_halfLifeRatio_G3
MSMEG_3105	1.0992474785792	0.136516223343874	0.538203477	0.55	927	0.978551776363636	-0.0312799072679345	logPhase_halfLifeRatio_G3
MSMEG_3117	1.9816654883039	0.986713451376624	1.552272786	1.53	963	1.01455737647059	0.020850456429113	logPhase_halfLifeRatio_G3
MSMEG_3127	0.938115195752029	-0.0921630056904412	1.497611844	1.5	342	0.998407896	-0.00229875095663498	logPhase_halfLifeRatio_G3
MSMEG_3138	0.940998395806575	-0.0877358314063156	1.130801415	1.1	375	1.02800128636364	0.0398420698131896	logPhase_halfLifeRatio_G3
MSMEG_3139	2.8417004384378	1.50675447901467	0.88887572	0.87	822	1.02169622988506	0.0309663187983275	logPhase_halfLifeRatio_G3
MSMEG_3156	1.046974438205	0.0662262194176604	0.994054607	0.99	324	1.00409556262626	0.00589658120717474	logPhase_halfLifeRatio_G3
MSMEG_3164	1.04151637950271	0.0586855282326328	0.413992962	0.4	363	1.034982405	0.0496062417004337	logPhase_halfLifeRatio_G3
MSMEG_3196	1.61963681447432	0.695670341073363	1.215583784	1.21	678	1.00461469752066	0.0066422869161913	logPhase_halfLifeRatio_G3
MSMEG_3197	0.93101935066355	-0.103116941264174	0.577056244	0.57	1332	1.0123793754386	0.0177500217517281	logPhase_halfLifeRatio_G3
MSMEG_3200	1.70080570232119	0.766218338938796	1.734720008	1.77	1596	0.980067801129944	-0.0290465365060588	logPhase_halfLifeRatio_G3
MSMEG_3204	1.05080429000747	0.0714939955345761	0.85274963	0.85	369	1.00323485882353	0.00465938261674134	logPhase_halfLifeRatio_G3
MSMEG_3207	1.16546731971549	0.220908551145959	0.693705776	0.68	621	1.02015555294118	0.0287891505757596	logPhase_halfLifeRatio_G3
MSMEG_3212	0.967003035048176	-0.0484076771169105	2.124533045	2.12	348	1.00213822877358	0.00308151872474613	logPhase_halfLifeRatio_G3
MSMEG_3223	1.02249402184294	0.0320924082694624	1.372448104	1.39	390	0.987372736690648	-0.0183332849149172	logPhase_halfLifeRatio_G3
MSMEG_3246	0.791680288658398	-0.337010163432295	0.663915107	0.65	627	1.02140785692308	0.0305590617744441	logPhase_halfLifeRatio_G3
MSMEG_3252	1.11066356747251	0.151421874293582	1.759033369	1.74	330	1.01093871781609	0.0156955450327405	logPhase_halfLifeRatio_G3
MSMEG_3254	0.473478205806647	-1.07863007489234	2.510886878	2.59	486	0.969454393050193	-0.0447550650111639	logPhase_halfLifeRatio_G3
MSMEG_3308	2.33116986214463	1.22105413117003	0.963143701	0.95	489	1.01383547473684	0.0198235507242961	logPhase_halfLifeRatio_G3
MSMEG_3314	14.2678574624644	3.83469680318747	2.033012246	1.97	1176	1.03198591167513	0.0454232757077136	logPhase_halfLifeRatio_G3
MSMEG_3360	0.661520387014627	-0.596142476113301	0.498467213	0.5	588	0.996934426	-0.00442948133293704	logPhase_halfLifeRatio_G3
MSMEG_3364	1.47635638400323	0.562041021786024	0.709991953	0.69	627	1.02897384492754	0.0412063114127333	logPhase_halfLifeRatio_G3
MSMEG_3375	0.621616052209837	-0.685904335439502	0.970921367	1	1677	0.970921367	-0.042573635527968	logPhase_halfLifeRatio_G3
MSMEG_3381	2.05321741036937	1.03788639912452	0.79627344	0.82	567	0.971065170731707	-0.0423599729438626	logPhase_halfLifeRatio_G3
MSMEG_3382	1.247279946751	0.318785308360564	0.491569582	0.49	351	1.00320322857143	0.00461389623155085	logPhase_halfLifeRatio_G3
MSMEG_3425	2.60629937762406	1.3820028113836	1.230141994	1.2	615	1.02511832833333	0.0357904481178252	logPhase_halfLifeRatio_G3
MSMEG_3436	1.75360523171791	0.81032400756381	0.52800169	0.54	579	0.977780907407407	-0.032416859982686	logPhase_halfLifeRatio_G3
MSMEG_3455	1.11670900225161	0.159253289936434	0.988516731	0.97	366	1.01908941340206	0.0272806369920553	logPhase_halfLifeRatio_G3
MSMEG_3467	1.33844267717478	0.420555352556152	0.785484251	0.79	411	0.994283862025316	-0.00827030359073513	logPhase_halfLifeRatio_G3
MSMEG_3476	9.61924605971778	3.2659238224224	0.763446196	0.77	1122	0.991488566233766	-0.0123319593802447	logPhase_halfLifeRatio_G3
MSMEG_3493	0.821199314895375	-0.284195671042233	0.524411348	0.53	342	0.989455373584906	-0.0152934545772964	logPhase_halfLifeRatio_G3
MSMEG_3506	3.54264115531627	1.82482533797538	1.196455075	1.17	1398	1.02261117521368	0.0322576971625829	logPhase_halfLifeRatio_G3
MSMEG_3508	4.82345357270578	2.27006648008233	1.537087731	1.52	924	1.01124192828947	0.0161281871415589	logPhase_halfLifeRatio_G3
MSMEG_3530	1.89135760287309	0.919422162397292	0.678239806	0.68	606	0.997411479411765	-0.00373928751786109	logPhase_halfLifeRatio_G3
MSMEG_3534	1.32731522418802	0.408511037148639	0.486034606	0.48	441	1.01257209583333	0.0180246325387507	logPhase_halfLifeRatio_G3
MSMEG_3575	1.42624970151845	0.512226584590803	1.048657718	1.07	480	0.980053942056075	-0.0290669377053329	logPhase_halfLifeRatio_G3
MSMEG_3616	0.992162910295341	-0.0113510684500839	1.281601391	1.28	303	1.00125108671875	0.00180380847957886	logPhase_halfLifeRatio_G3
MSMEG_3625	0.906515662365893	-0.141596148472922	0.805029518	0.81	1734	0.993863602469136	-0.00888022453216048	logPhase_halfLifeRatio_G3
MSMEG_3626	1.02627431548909	0.0374164041418893	0.78026451	0.78	330	1.00033911538462	0.000489157148003364	logPhase_halfLifeRatio_G3
MSMEG_3627	0.993211421685181	-0.00982724264181671	0.650166876	0.65	303	1.00025673230769	0.000370338890198574	logPhase_halfLifeRatio_G3
MSMEG_3628	1.2296852134168	0.298289047950497	1.225515227	1.21	408	1.01282250165289	0.0183813622707023	logPhase_halfLifeRatio_G3
MSMEG_3630	0.847851104547172	-0.238117166882267	0.504566325	0.5	408	1.00913265	0.0131158284766248	logPhase_halfLifeRatio_G3
MSMEG_3648	1.16172395986326	0.216267307084769	3.306011623	3.23	396	1.02353301021672	0.0335576318268714	logPhase_halfLifeRatio_G3
MSMEG_3650	1.06102047305058	0.0854524942202427	0.699977834	0.69	333	1.01446062898551	0.0207128754745084	logPhase_halfLifeRatio_G3
MSMEG_3672	1.01857268597317	0.0265489355825274	1.420118343	1.41	327	1.00717612978723	0.0103159965038949	logPhase_halfLifeRatio_G3
MSMEG_3674	1.15392585882408	0.206550532005052	1.023208314	1.04	411	0.983854148076923	-0.0234836364796068	logPhase_halfLifeRatio_G3
MSMEG_3678	1.03918929383815	0.0554584727285246	0.326802726	0.33	321	0.990311290909091	-0.0140460068067148	logPhase_halfLifeRatio_G3
MSMEG_3680	1.00073760255664	0.00106374328893412	1.276832483	1.28	306	0.99752537734375	-0.0035745504924613	logPhase_halfLifeRatio_G3
MSMEG_3683	0.966330437487377	-0.0494114907045931	0.458989306	0.47	564	0.976572991489362	-0.0342002161370231	logPhase_halfLifeRatio_G3
MSMEG_3704	2.10776937919362	1.0757170236663	1.1745873	1.16	816	1.01257525862069	0.0180291388159108	logPhase_halfLifeRatio_G3
MSMEG_3713	1.25574810441892	0.328547097229546	0.748045731	0.73	447	1.02472017945205	0.0352300064814738	logPhase_halfLifeRatio_G3
MSMEG_3743	1.64361306100293	0.716870700067762	0.844630263	0.85	834	0.993682662352941	-0.0091429015965117	logPhase_halfLifeRatio_G3
MSMEG_3745	1.14483934820669	0.195145163556587	0.840627108	0.83	621	1.01280374457831	0.0183546438782759	logPhase_halfLifeRatio_G3
MSMEG_3751	2.08076502398867	1.05711405403686	0.902085105	0.9	810	1.00231678333333	0.00333854597355193	logPhase_halfLifeRatio_G3
MSMEG_3767	0.90171072014288	-0.149263421442685	1.102900629	1.08	2994	1.02120428611111	0.0302714980263612	logPhase_halfLifeRatio_G3
MSMEG_3770	1.10913515775691	0.149435181139337	1.955166177	1.92	1200	1.0183157171875	0.0261849219290084	logPhase_halfLifeRatio_G3
MSMEG_3778	1.8101120231118	0.856078984704494	0.787804782	0.78	1071	1.01000613076923	0.0143640502082797	logPhase_halfLifeRatio_G3
MSMEG_3782	0.836802402723028	-0.257041100865103	2.2369653	2.18	408	1.02613087155963	0.037214742357639	logPhase_halfLifeRatio_G3
MSMEG_3795	1.07309601571461	0.101779167611673	1.168224299	1.14	360	1.02475815701754	0.0352834737901323	logPhase_halfLifeRatio_G3
MSMEG_3811	1.07141559594382	0.0995182017554476	0.907633195	0.88	444	1.03140135795455	0.0446058501194194	logPhase_halfLifeRatio_G3
MSMEG_3819	0.890402852830454	-0.167469879838043	0.493019663	0.49	582	1.00616257755102	0.00886343722704413	logPhase_halfLifeRatio_G3
MSMEG_3851	2.16057069803754	1.11141243946243	0.986598701	0.97	600	1.0171120628866	0.0244786405170392	logPhase_halfLifeRatio_G3
MSMEG_3855	0.9291520876416	-0.10601333237217	1.580414897	1.58	735	1.00026259303797	0.00037879194177106	logPhase_halfLifeRatio_G3
MSMEG_3857	0.879645904408351	-0.185005201546862	0.470470157	0.46	354	1.02276121086957	0.0324693512345454	logPhase_halfLifeRatio_G3
MSMEG_3858	1.074359258659	0.103476501719885	1.271887056	1.28	354	0.9936617625	-0.00917324572188599	logPhase_halfLifeRatio_G3
MSMEG_3859	0.916279277840479	-0.126140702519025	1.403752699	1.44	798	0.974828263194444	-0.0367800151644737	logPhase_halfLifeRatio_G3
MSMEG_3877	1.0661312835986	0.0923851027637484	0.816399523	0.83	756	0.98361388313253	-0.023835997016093	logPhase_halfLifeRatio_G3
MSMEG_3880	1.1495555807688	0.201076221742034	0.521131898	0.53	420	0.983267732075472	-0.0243437961786974	logPhase_halfLifeRatio_G3
MSMEG_3906	1.00301207365471	0.00433897234783995	0.667185589	0.69	849	0.966935636231884	-0.048508234533243	logPhase_halfLifeRatio_G3
MSMEG_3916	1.0648622627188	0.0906668335088772	0.887219602	0.9	318	0.985799557777778	-0.0206337610601523	logPhase_halfLifeRatio_G3
MSMEG_3952	3.52289186295969	1.81676019122057	1.567851577	1.59	957	0.986070174213836	-0.0202377744628616	logPhase_halfLifeRatio_G3
MSMEG_4041	0.296688035761708	-1.75298134499967	0.951244205	0.94	885	1.01196192021277	0.0171550029236974	logPhase_halfLifeRatio_G3
MSMEG_4079	3.01165527049542	1.59055664118858	0.897343862	0.89	768	1.00825153033708	0.011855595486451	logPhase_halfLifeRatio_G3
MSMEG_4085	1.27441390531151	0.349833913512668	1.034215289	1	1284	1.034215289	0.0485365377249281	logPhase_halfLifeRatio_G3
MSMEG_4086	1.11813812948406	0.161098422896823	0.85732832	0.83	582	1.03292568674699	0.0467364640595741	logPhase_halfLifeRatio_G3
MSMEG_4088	1.01712996675161	0.0245040355456486	0.759109312	0.76	309	0.998828042105263	-0.0016917693778554	logPhase_halfLifeRatio_G3
MSMEG_4106	1.02024653044965	0.0289178044341904	1.994946136	1.97	309	1.01266301319797	0.0181541641971685	logPhase_halfLifeRatio_G3
MSMEG_4120	1.13843711952519	0.18705460780789	0.637592451	0.66	1230	0.966049168181818	-0.049831476336773	logPhase_halfLifeRatio_G3
MSMEG_4128	0.828248383649426	-0.271864612039247	0.337182837	0.34	837	0.991714226470588	-0.012003643075738	logPhase_halfLifeRatio_G3
MSMEG_4175	1.03388102200323	0.0480701712987488	2.445397761	2.42	318	1.01049494256198	0.0150621011743483	logPhase_halfLifeRatio_G3
MSMEG_4180	1.01302287653103	0.018666754084968	0.469924812	0.47	867	0.999840025531915	-0.000230812834347595	logPhase_halfLifeRatio_G3
MSMEG_4199	0.955165216750509	-0.0661777944396291	2.520592339	2.57	522	0.980775229182879	-0.0280055526310016	logPhase_halfLifeRatio_G3
MSMEG_4200	1.26814202541879	0.342716328989232	0.984219678	0.96	1335	1.02522883125	0.0359459554515836	logPhase_halfLifeRatio_G3
MSMEG_4217	1.18200911448943	0.24124116020073	0.974294854	1	819	0.974294854	-0.0375696490383036	logPhase_halfLifeRatio_G3
MSMEG_4222	1.58470914950395	0.664218078804756	1.30256388	1.32	1158	0.986790818181818	-0.0191838030689302	logPhase_halfLifeRatio_G3
MSMEG_4235	3.75386760008202	1.90837776682473	0.528881328	0.52	981	1.01707947692308	0.024432419099775	logPhase_halfLifeRatio_G3
MSMEG_4237	0.819414510819991	-0.287334653493757	0.405959485	0.4	402	1.0148987125	0.0213357527646473	logPhase_halfLifeRatio_G3
MSMEG_4238	1.22543166163759	0.293290032009266	0.4472772	0.45	618	0.993949333333333	-0.00875578274945761	logPhase_halfLifeRatio_G3
MSMEG_4249	1.30310928843045	0.381958084109246	1.264645041	1.28	408	0.98800393828125	-0.0174113023410683	logPhase_halfLifeRatio_G3
MSMEG_4252	1.08019514375279	0.111291967474462	0.831542218	0.82	390	1.01407587560976	0.0201656023122456	logPhase_halfLifeRatio_G3
MSMEG_4255	5.73396695439295	2.51953359016079	0.65661011	0.66	798	0.994863803030303	-0.00742906083102718	logPhase_halfLifeRatio_G3
MSMEG_4257	0.700052885826356	-0.514464179633535	0.551440178	0.54	372	1.02118551481481	0.0302449788417608	logPhase_halfLifeRatio_G3
MSMEG_4260	1.81424891957872	0.859372410885684	1.512363572	1.54	612	0.982054267532467	-0.026125345971865	logPhase_halfLifeRatio_G3
MSMEG_4265	3.59053096735948	1.84419720542265	0.598551505	0.59	894	1.01449407627119	0.0207604410835974	logPhase_halfLifeRatio_G3
MSMEG_4267	1.0661202176646	0.0923701281999222	0.842508992	0.82	363	1.0274499902439	0.0390681743614951	logPhase_halfLifeRatio_G3
MSMEG_4268	1.05743736536214	0.0805722114704503	0.757786254	0.78	1026	0.971520838461538	-0.0416831539169919	logPhase_halfLifeRatio_G3
MSMEG_4272	0.854266331120658	-0.227242171780285	2.208155454	2.14	357	1.03184834299065	0.0452309447017561	logPhase_halfLifeRatio_G3
MSMEG_4273	1.16102002039507	0.215392849960292	0.53487377	0.52	687	1.02860340384615	0.0406868329657929	logPhase_halfLifeRatio_G3
MSMEG_4281	1.45712929926738	0.543128901517219	3.062943489	3.09	1554	0.991243847572815	-0.0126880885259638	logPhase_halfLifeRatio_G3
MSMEG_4282	1.10592351022902	0.145251606884241	0.85338795	0.83	348	1.02817825301205	0.0400904030951895	logPhase_halfLifeRatio_G3
MSMEG_4288	1.0520680292654	0.0732279957999862	0.502234946	0.51	474	0.984774403921569	-0.0221348308465918	logPhase_halfLifeRatio_G3
MSMEG_4321	0.982576410873648	-0.0253584907710685	0.861499584	0.87	438	0.990229406896552	-0.0141653011580163	logPhase_halfLifeRatio_G3
MSMEG_4342	1.15869573085518	0.212501769781052	1.072684598	1.07	633	1.00250897009346	0.00361514545969825	logPhase_halfLifeRatio_G3
MSMEG_4347	1.03290812155769	0.0467119304195592	0.578854447	0.57	1083	1.01553411754386	0.0222387087473251	logPhase_halfLifeRatio_G3
MSMEG_4353	1.3134126473021	0.393320252626269	1.014713343	1.04	546	0.975685906730769	-0.0355113054308824	logPhase_halfLifeRatio_G3
MSMEG_4360	10.9573563878467	3.45382786524898	1.224004476	1.2	1347	1.02000373	0.0285744279248722	logPhase_halfLifeRatio_G3
MSMEG_4396	1.02499650515578	0.0356189907033879	0.922140596	0.94	744	0.981000634042553	-0.0276740259966183	logPhase_halfLifeRatio_G3
MSMEG_4399	0.997935206990465	-0.00298194624672443	0.943129303	0.95	378	0.992767687368421	-0.0104719355351071	logPhase_halfLifeRatio_G3
MSMEG_4476	1.04318928450683	0.0610009555977905	0.815505477	0.82	321	0.994518874390244	-0.00792934350575685	logPhase_halfLifeRatio_G3
MSMEG_4483	2.39568594555299	1.26043879523446	0.657894737	0.65	1287	1.01214574923077	0.0174170534236563	logPhase_halfLifeRatio_G3
MSMEG_4486	0.842878881636519	-0.246602758401205	1.23061777	1.2	345	1.02551480833333	0.0363483243431836	logPhase_halfLifeRatio_G3
MSMEG_4488	1.05777481391118	0.0810325296902072	1.161225037	1.13	405	1.02763277610619	0.039324810504902	logPhase_halfLifeRatio_G3
MSMEG_4496	1.19275540210131	0.254298220438441	0.680133306	0.7	537	0.971619008571429	-0.0415373800232202	logPhase_halfLifeRatio_G3
MSMEG_4502	2.2207901483186	1.1510730730813	0.707530483	0.7	741	1.01075783285714	0.0154373838028995	logPhase_halfLifeRatio_G3
MSMEG_4531	1.53684111575122	0.619968021654411	0.940866538	0.93	825	1.01168444946237	0.016759374829677	logPhase_halfLifeRatio_G3
MSMEG_4535	0.893568085669386	-0.162350434881624	0.712716042	0.72	2007	0.989883391666667	-0.0146695092634036	logPhase_halfLifeRatio_G3
MSMEG_4555	5.09415256924148	2.3488421687978	0.777235152	0.76	774	1.02267783157895	0.0323517325848008	logPhase_halfLifeRatio_G3
MSMEG_4558	1.41165073889521	0.497383190881281	0.632924745	0.65	636	0.973730376923077	-0.0384057452956194	logPhase_halfLifeRatio_G3
MSMEG_4580	1.07193279158747	0.100214454039106	0.682694824	0.69	402	0.989412788405797	-0.0153555480789299	logPhase_halfLifeRatio_G3
MSMEG_4625	0.971497911855797	-0.0417172000119196	1.055204798	1.08	312	0.97704147962963	-0.0335082827595552	logPhase_halfLifeRatio_G3
MSMEG_4652	0.638939048381011	-0.646249783108799	1.013025579	0.99	993	1.02325816060606	0.0331701724921609	logPhase_halfLifeRatio_G3
MSMEG_4673	0.882380671194829	-0.180526906266301	0.856494369	0.83	612	1.03192092650602	0.0453324249197876	logPhase_halfLifeRatio_G3
MSMEG_4679	1.05410132594914	0.076013553330138	0.609502138	0.61	504	0.999183832786885	-0.00117796116295274	logPhase_halfLifeRatio_G3
MSMEG_4684	0.734827605030411	-0.444522270163182	0.718915875	0.73	480	0.984816267123288	-0.0220735025366918	logPhase_halfLifeRatio_G3
MSMEG_4687	0.904989964074051	-0.144026301432821	1.278546597	1.24	456	1.03108596532258	0.0441646203630184	logPhase_halfLifeRatio_G3
MSMEG_4698	0.965811861453335	-0.05018591305538	1.502637666	1.55	408	0.969443655483871	-0.0447710442254356	logPhase_halfLifeRatio_G3
MSMEG_4732	0.608854268297457	-0.715831140260204	1.459577522	1.48	810	0.986201028378378	-0.0200463376520485	logPhase_halfLifeRatio_G3
MSMEG_4745	0.671627544689323	-0.574266695803901	0.508453032	0.51	1203	0.996966729411765	-0.00438273481109028	logPhase_halfLifeRatio_G3
MSMEG_4756	1.10278814592453	0.141155664746012	2.407925515	2.39	393	1.00750021548117	0.0107801473126317	logPhase_halfLifeRatio_G3
MSMEG_4770	0.98899090009359	-0.0159708483723884	0.608971896	0.6	543	1.01495316	0.0214131486961653	logPhase_halfLifeRatio_G3
MSMEG_4804	1.02848058436214	0.0405145589490364	0.516778061	0.5	348	1.033556122	0.0476167290950457	logPhase_halfLifeRatio_G3
MSMEG_4891	1.15166504481792	0.203721178197911	5.656565657	5.49	588	1.03033982823315	0.0431202477456611	logPhase_halfLifeRatio_G3
MSMEG_4898	0.933264163381959	-0.0996425965978457	0.569133454	0.57	375	0.998479743859649	-0.00219493484921822	logPhase_halfLifeRatio_G3
MSMEG_4900	0.954501764123814	-0.0671802308460741	0.921970558	0.94	345	0.980819742553192	-0.0279400760983442	logPhase_halfLifeRatio_G3
MSMEG_4907	1.25475595623238	0.327406794478787	0.883907207	0.87	417	1.0159852954023	0.0228795217914762	logPhase_halfLifeRatio_G3
MSMEG_4910	0.988927054850424	-0.0160639859219028	0.414221609	0.42	303	0.986241926190476	-0.019986510248099	logPhase_halfLifeRatio_G3
MSMEG_4912	1.37310366208492	0.457440545463516	0.8512691	0.83	2052	1.02562542168675	0.0365039269043787	logPhase_halfLifeRatio_G3
MSMEG_4919	1.0754678255349	0.104964364709303	1.291350107	1.27	384	1.01681110787402	0.0240516958678079	logPhase_halfLifeRatio_G3
MSMEG_4933	1.9443968174266	0.959322677849181	1.65411313	1.63	435	1.01479333128834	0.0211859438790469	logPhase_halfLifeRatio_G3
MSMEG_4935	0.873301316442495	-0.195448579938978	2.20424422	2.13	366	1.03485644131455	0.0494306462091489	logPhase_halfLifeRatio_G3
MSMEG_4938	1.75186468012697	0.808891340664269	1.874966518	1.82	1647	1.03020138351648	0.0429263826529996	logPhase_halfLifeRatio_G3
MSMEG_4946	1.10882249018518	0.149028424988175	0.718279004	0.72	702	0.997609727777778	-0.00345256180845792	logPhase_halfLifeRatio_G3
MSMEG_4950	2.32711179595214	1.21854052040871	0.675910548	0.69	1080	0.979580504347826	-0.0297640332768078	logPhase_halfLifeRatio_G3
MSMEG_4975	2.9636447396696	1.56737251814476	1.212807245	1.24	675	0.978070358870968	-0.0319898436739254	logPhase_halfLifeRatio_G3
MSMEG_4990	1.21965574202431	0.286473992574375	0.863309353	0.87	750	0.992309601149425	-0.0111377823834877	logPhase_halfLifeRatio_G3
MSMEG_4995	1.35237294838355	0.435493063296587	0.655995802	0.65	978	1.00922431076923	0.0132468643041562	logPhase_halfLifeRatio_G3
MSMEG_5024	0.979085754947994	-0.0304928685415338	0.455549735	0.45	489	1.01233274444444	0.0176835685474764	logPhase_halfLifeRatio_G3
MSMEG_5030	1.15504944652462	0.207954613311397	0.740552664	0.74	456	1.00074684324324	0.0010770648940736	logPhase_halfLifeRatio_G3
MSMEG_5050	1.44722765117005	0.533291877903744	0.764165722	0.74	765	1.03265638108108	0.0463602737769995	logPhase_halfLifeRatio_G3
MSMEG_5069	1.16366486507455	0.218675622583126	0.635322093	0.62	399	1.02471305322581	0.0352199734917624	logPhase_halfLifeRatio_G3
MSMEG_5071	1.09361952836438	0.129110909964895	0.670623344	0.68	399	0.9862108	-0.0200320430003413	logPhase_halfLifeRatio_G3
MSMEG_5082	1.14987102431938	0.20147204985671	1.053038015	1.05	630	1.00289334761905	0.00416819115221647	logPhase_halfLifeRatio_G3
MSMEG_5083	1.1612777394888	0.215713058734906	0.666385304	0.67	384	0.994604931343283	-0.00780451071344523	logPhase_halfLifeRatio_G3
MSMEG_5085	3.64454988546855	1.86574064772069	0.653794186	0.66	876	0.990597251515152	-0.0136294767728605	logPhase_halfLifeRatio_G3
MSMEG_5087	1.2898537471743	0.367207491859269	2.438627865	2.47	558	0.987298730769231	-0.0184414223723465	logPhase_halfLifeRatio_G3
MSMEG_5104	1.23424702331226	0.303631165672234	0.850171451	0.86	945	0.988571454651163	-0.0165828461355291	logPhase_halfLifeRatio_G3
MSMEG_5122	0.974580179601442	-0.037147212682886	2.288329519	2.29	324	0.99927053231441	-0.00105278344494156	logPhase_halfLifeRatio_G3
MSMEG_5126	2.32031968565344	1.21432358860005	0.656203861	0.66	2625	0.994248274242424	-0.00832194199975433	logPhase_halfLifeRatio_G3
MSMEG_5128	1.19026439227801	0.251282073584511	0.710630559	0.69	405	1.02989936086957	0.0425033678278715	logPhase_halfLifeRatio_G3
MSMEG_5129	2.55997871519122	1.35613181506288	0.892187623	0.91	873	0.980425959340659	-0.028519411053665	logPhase_halfLifeRatio_G3
MSMEG_5148	1.17885548232137	0.237386866988066	0.547640127	0.53	393	1.03328325849057	0.0472358007675686	logPhase_halfLifeRatio_G3
MSMEG_5156	1.04379511952206	0.0618385614705906	0.502891627	0.49	582	1.02630944285714	0.0374657839340524	logPhase_halfLifeRatio_G3
MSMEG_5159	1.26931389854226	0.344048888619535	0.676429803	0.66	786	1.02489364090909	0.0354742007603793	logPhase_halfLifeRatio_G3
MSMEG_5160	1.03295572364069	0.0467784162039427	0.916962496	0.91	312	1.00765109450549	0.0109961831204568	logPhase_halfLifeRatio_G3
MSMEG_5174	1.19941366314772	0.262329312502946	1.101503552	1.08	366	1.0199106962963	0.0284428348920157	logPhase_halfLifeRatio_G3
MSMEG_5196	1.18161209267436	0.240756495900559	1.438459615	1.44	756	0.998930288194444	-0.00154409393212837	logPhase_halfLifeRatio_G3
MSMEG_5198	1.11936108712875	0.162675500637728	1.432317865	1.42	795	1.0086745528169	0.0124607663431035	logPhase_halfLifeRatio_G3
MSMEG_5213	2.18654855553373	1.12865538594481	0.817060217	0.8	696	1.02132527125	0.0304424083169577	logPhase_halfLifeRatio_G3
MSMEG_5230	0.993255128398537	-0.00976375759735986	0.608692124	0.61	336	0.997855940983607	-0.00309654408446112	logPhase_halfLifeRatio_G3
MSMEG_5239	1.43525700198569	0.521309093898947	1.439712058	1.41	1029	1.02107238156028	0.0300851392977657	logPhase_halfLifeRatio_G3
MSMEG_5258	0.854576090695975	-0.226719140981932	0.836050497	0.83	375	1.00728975542169	0.0104787464821599	logPhase_halfLifeRatio_G3
MSMEG_5279	0.453063334013218	-1.14221535525594	0.989845132	1	369	0.989845132	-0.0147252714860651	logPhase_halfLifeRatio_G3
MSMEG_5285	2.19809755287237	1.13625541536909	0.865201592	0.88	873	0.983183627272727	-0.0244672038402512	logPhase_halfLifeRatio_G3
MSMEG_5292	1.00940762561611	0.0135088906958649	0.607078536	0.61	306	0.995210714754098	-0.00692607682299867	logPhase_halfLifeRatio_G3
MSMEG_5298	1.0629276333331	0.0880433780680876	0.55910692	0.56	315	0.998405214285714	-0.00230262602724745	logPhase_halfLifeRatio_G3
MSMEG_5325	0.91990201941306	-0.120447889842357	0.742859265	0.74	324	1.00386387162162	0.00556364672732784	logPhase_halfLifeRatio_G3
MSMEG_5333	0.932262588956487	-0.101191721094436	1.890418728	1.89	342	1.00022154920635	0.000319592539883354	logPhase_halfLifeRatio_G3
MSMEG_5362	2.21254097096719	1.14570417070475	1.2006003	1.21	765	0.992231652892562	-0.0112511139289533	logPhase_halfLifeRatio_G3
MSMEG_5369	0.816559192062391	-0.292370624899986	0.81387147	0.81	699	1.00477959259259	0.00687906802405761	logPhase_halfLifeRatio_G3
MSMEG_5390	1.09151593130048	0.126333187443197	0.70106562	0.71	402	0.987416366197183	-0.0182695372745911	logPhase_halfLifeRatio_G3
MSMEG_5412	4.23149448583899	2.08116728663568	2.879355024	2.96	1041	0.972755075675676	-0.0398514919246235	logPhase_halfLifeRatio_G3
MSMEG_5430	2.67609253757773	1.42012800431877	0.555233138	0.54	873	1.02820951481481	0.0401342676313723	logPhase_halfLifeRatio_G3
MSMEG_5448	2.92635891232855	1.54910672411808	0.560721462	0.56	1209	1.001288325	0.00185746383675413	logPhase_halfLifeRatio_G3
MSMEG_5475	3.88970920502365	1.9596623032444	0.912936307	0.92	765	0.992322072826087	-0.0111196502269699	logPhase_halfLifeRatio_G3
MSMEG_5479	0.913244136604524	-0.130927508954032	0.444681608	0.44	321	1.01064001818182	0.0152692124080997	logPhase_halfLifeRatio_G3
MSMEG_5518	0.789174283909037	-0.341584149826113	2.022312852	2.06	900	0.981705267961165	-0.0266381378356251	logPhase_halfLifeRatio_G3
MSMEG_5524	0.51163819773269	-0.966804118348878	1.495867666	1.5	903	0.997245110666667	-0.00397994986070459	logPhase_halfLifeRatio_G3
MSMEG_5538	0.597738580483821	-0.742413431701579	1.213645537	1.25	1449	0.9709164296	-0.0425809720444444	logPhase_halfLifeRatio_G3
MSMEG_5544	1.90771267155905	0.931843897479625	0.746492021	0.76	750	0.982226343421053	-0.0258725785919203	logPhase_halfLifeRatio_G3
MSMEG_5558	0.993932567486725	-0.00878011820293499	6.47932953	6.52	312	0.993762197852761	-0.00902743125212809	logPhase_halfLifeRatio_G3
MSMEG_5566	1.1273197798789	0.172896814006889	0.508440106	0.51	462	0.996941384313725	-0.00441941177428876	logPhase_halfLifeRatio_G3
MSMEG_5597	2.83075602122764	1.5011874108003	1.153557764	1.17	621	0.985946806837607	-0.0204182815313465	logPhase_halfLifeRatio_G3
MSMEG_5612	0.923183613842902	-0.115310477963528	0.74622225	0.75	594	0.994963	-0.00728521818486961	logPhase_halfLifeRatio_G3
MSMEG_5634	0.94699984176137	-0.0785639102603404	1.272804412	1.29	444	0.986670086821705	-0.0193603239559567	logPhase_halfLifeRatio_G3
MSMEG_5661	1.31721353460648	0.39748924107363	0.860215054	0.87	1917	0.988752935632184	-0.0163180218979315	logPhase_halfLifeRatio_G3
MSMEG_5664	0.973603957284753	-0.0385930628839067	1.983246291	1.98	363	1.00163954090909	0.00236342060548708	logPhase_halfLifeRatio_G3
MSMEG_5671	1.53348085043549	0.616810150853871	0.907578279	0.92	465	0.986498129347826	-0.0196117796538588	logPhase_halfLifeRatio_G3
MSMEG_5673	9.96937604078167	3.31750321264358	1.727740938	1.68	642	1.028417225	0.0404256792417795	logPhase_halfLifeRatio_G3
MSMEG_5677	1.26912735548701	0.343836849250275	1.2681236	1.24	603	1.02268032258065	0.032355246644956	logPhase_halfLifeRatio_G3
MSMEG_5678	0.947225786961392	-0.0782197379334662	0.921559894	0.93	387	0.990924617204301	-0.0131527837138076	logPhase_halfLifeRatio_G3
MSMEG_5679	1.03042629803774	0.0432413187946823	0.768944879	0.77	315	0.998629712987013	-0.00197826198134018	logPhase_halfLifeRatio_G3
MSMEG_5680	0.806115173876296	-0.310942116047918	3.149640804	3.19	456	0.987348214420063	-0.0183691159604592	logPhase_halfLifeRatio_G3
MSMEG_5685	4.52354769721344	2.17745468361397	0.817193757	0.8	831	1.02149219625	0.0306781825592165	logPhase_halfLifeRatio_G3
MSMEG_5694	1.09522422358196	0.131226260816453	0.757786254	0.75	489	1.010381672	0.0149003744493756	logPhase_halfLifeRatio_G3
MSMEG_5696	0.840471299175142	-0.250729540440398	0.543842793	0.56	450	0.971147844642857	-0.0422371509457044	logPhase_halfLifeRatio_G3
MSMEG_5701	1.62280684286884	0.698491291063364	1.269587928	1.24	429	1.02386123225806	0.0340201947330218	logPhase_halfLifeRatio_G3
MSMEG_5702	1.51056123364041	0.595084667798908	0.619742335	0.61	498	1.01597104098361	0.022859280432161	logPhase_halfLifeRatio_G3
MSMEG_5707	0.926061238978287	-0.110820495085411	2.243571766	2.27	345	0.988357606167401	-0.0168949647181763	logPhase_halfLifeRatio_G3
MSMEG_5717	0.832119384587338	-0.265137567487149	1.821327748	1.87	426	0.973972057754011	-0.0380477114072308	logPhase_halfLifeRatio_G3
MSMEG_5731	3.03598214345802	1.60216330537119	0.809694745	0.83	696	0.975535837349398	-0.0357332221385837	logPhase_halfLifeRatio_G3
MSMEG_5734	0.50463249371223	-0.986694989230722	1.592610288	1.62	1083	0.98309277037037	-0.0246005307750723	logPhase_halfLifeRatio_G3
MSMEG_5736	1.04693304639231	0.0661691817850443	1.673600153	1.66	441	1.00819286325301	0.0117716470160253	logPhase_halfLifeRatio_G3
MSMEG_5738	1.02398912009332	0.0342003867531516	0.867277616	0.84	348	1.03247335238095	0.0461045468902777	logPhase_halfLifeRatio_G3
MSMEG_5766	1.00313863575689	0.00452100305626757	0.577100646	0.58	372	0.995001113793104	-0.00722995429350031	logPhase_halfLifeRatio_G3
MSMEG_5782	2.01223190182963	1.00879657966643	1.056502775	1.07	1137	0.987385771028037	-0.018314239979711	logPhase_halfLifeRatio_G3
MSMEG_5792	2.42368115520522	1.27719991908312	0.592826796	0.59	657	1.00479117966102	0.00689570501578259	logPhase_halfLifeRatio_G3
MSMEG_5803	0.889576898088864	-0.168808772479491	1.018727609	1.03	360	0.989055931067961	-0.015875987257085	logPhase_halfLifeRatio_G3
MSMEG_5831	1.4608753630069	0.546833097482844	0.590759675	0.61	675	0.968458483606558	-0.046237890951691	logPhase_halfLifeRatio_G3
MSMEG_5835	2.25441112648417	1.17275063709549	0.896003823	0.92	1644	0.973917198913044	-0.0381289732937187	logPhase_halfLifeRatio_G3
MSMEG_5868	0.989134341776457	-0.0157616173282546	0.525942094	0.53	309	0.992343573584906	-0.0110883915228345	logPhase_halfLifeRatio_G3
MSMEG_5888	1.07602158659161	0.105707020790704	0.46989169	0.47	333	0.999769553191489	-0.000332502781400963	logPhase_halfLifeRatio_G3
MSMEG_5889	1.09488963945785	0.130785459204717	1.425758707	1.43	390	0.997034060839161	-0.0042853038402379	logPhase_halfLifeRatio_G3
MSMEG_5893	1.14420813450468	0.194349506054855	1.726302896	1.69	486	1.0214810035503	0.0306623745668662	logPhase_halfLifeRatio_G3
MSMEG_5927	1.14106545801808	0.190381555210573	0.659253725	0.66	477	0.99886928030303	-0.00163220665756244	logPhase_halfLifeRatio_G3
MSMEG_5934	1.03516641936562	0.0498627224039496	0.585405833	0.58	333	1.00932040172414	0.0133842206315797	logPhase_halfLifeRatio_G3
MSMEG_6033	0.688032554485615	-0.539451266756752	2.454977467	2.39	1542	1.02718722468619	0.0386991646245577	logPhase_halfLifeRatio_G3
MSMEG_6038	1.01617005210748	0.0231418517195398	0.930121314	0.91	1191	1.02211133406593	0.0315523512232977	logPhase_halfLifeRatio_G3
MSMEG_6054	3.15836656680939	1.65917862320179	0.731760861	0.74	786	0.988866028378378	-0.016153017064096	logPhase_halfLifeRatio_G3
MSMEG_6071	0.991945474887771	-0.0116672739435069	0.940247285	0.91	945	1.03323877472527	0.0471736901231484	logPhase_halfLifeRatio_G3
MSMEG_6073	1.0626328598939	0.0876432312051759	0.665287515	0.68	945	0.978363992647059	-0.0315567864691629	logPhase_halfLifeRatio_G3
MSMEG_6080	1.07794204891075	0.108279619652202	0.63466063	0.63	1119	1.00739782539683	0.0106335218615637	logPhase_halfLifeRatio_G3
MSMEG_6086	0.904220279351901	-0.145253820901849	0.836707389	0.83	318	1.00808119156627	0.0116118391878609	logPhase_halfLifeRatio_G3
MSMEG_6092	0.970183345109824	-0.0436706815200638	0.939376656	0.95	345	0.988817532631579	-0.0162237711268846	logPhase_halfLifeRatio_G3
MSMEG_6093	1.37305092519755	0.457385134711152	0.607361218	0.59	480	1.02942579322034	0.0418398361755232	logPhase_halfLifeRatio_G3
MSMEG_6100	1.06219118477013	0.0870434615239926	1.565368094	1.61	477	0.972278319254658	-0.0405587436765795	logPhase_halfLifeRatio_G3
MSMEG_6101	1.88371477889102	0.91358053701524	1.382179104	1.36	537	1.01630816470588	0.0233379220729286	logPhase_halfLifeRatio_G3
MSMEG_6104	1.34264895589256	0.425082152275105	0.60109055	0.61	612	0.985394344262295	-0.0212269036595868	logPhase_halfLifeRatio_G3
MSMEG_6110	1.51353383186504	0.597920923938732	0.68313788	0.69	576	0.990054898550725	-0.0144195700274687	logPhase_halfLifeRatio_G3
MSMEG_6125	2.7357052349765	1.45191279201222	0.793619301	0.78	930	1.01746064230769	0.0249729888446318	logPhase_halfLifeRatio_G3
MSMEG_6127	0.982447405130387	-0.025547919463789	0.5441782	0.53	360	1.02675132075472	0.0380868031193106	logPhase_halfLifeRatio_G3
MSMEG_6129	1.14085518507301	0.190115674153885	0.403667997	0.4	447	1.0091699925	0.0131692137702235	logPhase_halfLifeRatio_G3
MSMEG_6130	1.0952096243723	0.131207029733639	0.616495663	0.61	1578	1.01064862786885	0.0152815027386392	logPhase_halfLifeRatio_G3
MSMEG_6135	1.33566798439433	0.417561432365424	0.697601414	0.68	417	1.02588443235294	0.0368682180189497	logPhase_halfLifeRatio_G3
MSMEG_6139	1.19933879021741	0.262239250016398	0.671386621	0.68	594	0.987333266176471	-0.0183909582242499	logPhase_halfLifeRatio_G3
MSMEG_6141	7.91953667230028	2.98541602877361	0.679524786	0.67	1782	1.01421609850746	0.0203650793915259	logPhase_halfLifeRatio_G3
MSMEG_6184	5.57392761344857	2.47869426681257	0.821805232	0.8	951	1.02725654	0.0387965154123911	logPhase_halfLifeRatio_G3
MSMEG_6199	0.823388720710423	-0.280354409024626	0.739806002	0.74	357	0.999737840540541	-0.000378265737221532	logPhase_halfLifeRatio_G3
MSMEG_6203	1.87060864273373	0.903507758340762	0.83816442	0.83	1098	1.00983665060241	0.0141219440413734	logPhase_halfLifeRatio_G3
MSMEG_6218	1.31726033420765	0.397540498027312	0.662030353	0.65	1122	1.01850823538462	0.0264576455963982	logPhase_halfLifeRatio_G3
MSMEG_6228	2.89786298506271	1.53498938390673	1.044558893	1.03	681	1.01413484757282	0.0202494974989819	logPhase_halfLifeRatio_G3
MSMEG_6236	1.10055770757516	0.138234794706751	0.745185569	0.72	651	1.03497995694444	0.0496028292735463	logPhase_halfLifeRatio_G3
MSMEG_6237	2.91737827801977	1.54467246352109	0.806928829	0.78	882	1.03452413974359	0.0489673096561544	logPhase_halfLifeRatio_G3
MSMEG_6249	1.27346413066709	0.348758324168455	0.874854191	0.86	1287	1.01727231511628	0.0247059280444409	logPhase_halfLifeRatio_G3
MSMEG_6255	12.6089127530218	3.65637197456228	0.542407203	0.53	1107	1.02340981698113	0.0333839774698428	logPhase_halfLifeRatio_G3
MSMEG_6278	3.50482623965891	1.8093429208703	0.740906693	0.76	711	0.974877227631579	-0.0367075521684151	logPhase_halfLifeRatio_G3
MSMEG_6280	0.988280786726454	-0.0170071015935421	0.91503866	0.91	309	1.00553698901099	0.00796615263402132	logPhase_halfLifeRatio_G3
MSMEG_6282	1.26702656774962	0.341446776064177	1.467459095	1.5	438	0.978306063333333	-0.0316422115344702	logPhase_halfLifeRatio_G3
MSMEG_6284	0.916527314657761	-0.125750217794779	0.701606679	0.71	1314	0.988178421126761	-0.0171565429203154	logPhase_halfLifeRatio_G3
MSMEG_6315	1.31616599704125	0.396341455642739	0.606317832	0.62	492	0.977931987096774	-0.0321939623174155	logPhase_halfLifeRatio_G3
MSMEG_6328	0.720264953102818	-0.473400388036269	0.536840693	0.55	507	0.976073987272727	-0.0349375853924217	logPhase_halfLifeRatio_G3
MSMEG_6352	1.04296345062983	0.0606886012718671	0.625762648	0.62	474	1.00929459354839	0.0133473306577516	logPhase_halfLifeRatio_G3
MSMEG_6363	1.28575910670593	0.362620371969937	0.645508338	0.64	1197	1.008606778125	0.0123638257622919	logPhase_halfLifeRatio_G3
MSMEG_6365	0.980439712153941	-0.0284991739555221	1.607270988	1.6	528	1.0045443675	0.00654128468710794	logPhase_halfLifeRatio_G3
MSMEG_6383	1.80514528135257	0.852114952487679	1.082270046	1.09	462	0.992908299082569	-0.010267612348026	logPhase_halfLifeRatio_G3
MSMEG_6395	1.45159269281151	0.537636699549664	0.824980407	0.81	474	1.01849432962963	0.0264379482586505	logPhase_halfLifeRatio_G3
MSMEG_6399	1.55537380309813	0.637261345029628	1.272147097	1.23	1014	1.03426593252033	0.0486071819781905	logPhase_halfLifeRatio_G3
MSMEG_6404	1.704031396559	0.768951917278945	0.396489744	0.4	1239	0.99122436	-0.0127164517799655	logPhase_halfLifeRatio_G3
MSMEG_6411	1.06328339829843	0.0885261714957905	0.554656806	0.55	333	1.00846692	0.0121637610607626	logPhase_halfLifeRatio_G3
MSMEG_6415	0.877248216792274	-0.188942984864718	0.752592412	0.73	345	1.03094850958904	0.0439722795386278	logPhase_halfLifeRatio_G3
MSMEG_6434	1.58854518762919	0.667706129422706	0.610742969	0.63	657	0.969433284126984	-0.0447864786295923	logPhase_halfLifeRatio_G3
MSMEG_6438	0.918959151816608	-0.121927360447433	0.654543074	0.67	489	0.97692996119403	-0.0336729597766507	logPhase_halfLifeRatio_G3
MSMEG_6439	0.97667095959379	-0.0340554947380768	1.228803146	1.23	480	0.99902694796748	-0.00140450077888534	logPhase_halfLifeRatio_G3
MSMEG_6440	0.322453878067934	-1.63283527432412	0.80272928	0.82	1479	0.978938146341463	-0.030710388056895	logPhase_halfLifeRatio_G3
MSMEG_6451	1.12230656601076	0.166466812178245	0.78178224	0.8	393	0.9772278	-0.0332331891703901	logPhase_halfLifeRatio_G3
MSMEG_6518	1.00706258981492	0.0101533508814287	0.464853223	0.46	390	1.01055048478261	0.0151413972507171	logPhase_halfLifeRatio_G3
MSMEG_6520	0.741982094311369	-0.430543723081561	0.593877127	0.59	579	1.00657140169492	0.00944951425380062	logPhase_halfLifeRatio_G3
MSMEG_6542	1.77152309429223	0.824990273135423	0.98509227	1.01	1098	0.975338881188119	-0.0360245249838304	logPhase_halfLifeRatio_G3
MSMEG_6559	0.990543914552288	-0.0137071582356012	1.831781407	1.82	306	1.00647330054945	0.00930890134438877	logPhase_halfLifeRatio_G3
MSMEG_6580	1.15717867754362	0.21061164517458	0.568015071	0.57	450	0.996517668421053	-0.00503271037751001	logPhase_halfLifeRatio_G3
MSMEG_6583	3.63192121293996	1.86073290666691	0.728208365	0.74	1203	0.984065358108108	-0.0231739574863461	logPhase_halfLifeRatio_G3
MSMEG_6604	3.04459895032218	1.60625220169903	0.641100984	0.64	600	1.0017202875	0.0024797179422755	logPhase_halfLifeRatio_G3
MSMEG_6605	1.05451123818342	0.0765744703664038	0.619975614	0.64	597	0.968711896875	-0.0458604351827544	logPhase_halfLifeRatio_G3
MSMEG_6630	0.986527075400762	-0.0195694483882198	1.454333915	1.49	351	0.976063030201342	-0.0349537806824124	logPhase_halfLifeRatio_G3
MSMEG_6731	0.631198940069051	-0.663833312157042	0.556415939	0.55	579	1.01166534363636	0.0167321290410148	logPhase_halfLifeRatio_G3
MSMEG_6746	2.09006163031323	1.06354548414173	0.784949894	0.81	1071	0.969073943209876	-0.0453213431456766	logPhase_halfLifeRatio_G3
MSMEG_6762	0.977837151760258	-0.0323338750168045	0.717832147	0.74	348	0.970043441891892	-0.0438787372797489	logPhase_halfLifeRatio_G3
MSMEG_6800	1.32689410359829	0.408053237091075	1.405349698	1.38	651	1.01836934637681	0.0262608988847677	logPhase_halfLifeRatio_G3
MSMEG_6822	7.30079024844094	2.86805263191077	2.448180186	2.43	912	1.00748155802469	0.0107534304258645	logPhase_halfLifeRatio_G3
MSMEG_6894	0.632566605031224	-0.660710700947274	1.117357078	1.15	456	0.971614850434783	-0.0415435541880955	logPhase_halfLifeRatio_G3
MSMEG_6896	0.948400352750547	-0.0764318954675153	1.117253047	1.08	498	1.03449356203704	0.0489246669029576	logPhase_halfLifeRatio_G3
MSMEG_6904	1.07437752220756	0.103501026576696	0.913661193	0.89	1017	1.02658561011236	0.0378539432131974	logPhase_halfLifeRatio_G3
MSMEG_6923	0.845075801339314	-0.24284734128948	1.058367453	1.05	774	1.00796900285714	0.01145127364747	logPhase_halfLifeRatio_G3
MSMEG_6933	0.702717915293554	-0.508982415372575	1.319551353	1.32	936	0.999660115909091	-0.000490432442246123	logPhase_halfLifeRatio_G3
MSMEG_6934	0.992445232901144	-0.0109406041199169	2.160060482	2.09	333	1.03352176172249	0.0475687663139962	logPhase_halfLifeRatio_G3
MSMEG_6940	4.296744081905	2.10324385140517	1.569911524	1.53	708	1.02608596339869	0.0371516020695461	logPhase_halfLifeRatio_G3
MSMEG_6945	1.20146675997177	0.26479673512009	0.440027868	0.43	372	1.02332062325581	0.0332582360993655	logPhase_halfLifeRatio_G3
VBIMycSme59918_1007	0.870129920834022	-0.200697266168499	0.350985978	0.35	363	1.00281708	0.00405847350372824	logPhase_halfLifeRatio_G3
VBIMycSme59918_1534	1.0145404792988	0.0208264285431439	1.071352046	1.08	408	0.991992635185185	-0.0115986851837327	logPhase_halfLifeRatio_G3
VBIMycSme59918_2364	1.06794489528016	0.094837207552583	0.485326949	0.49	315	0.99046316122449	-0.0138247776293315	logPhase_halfLifeRatio_G3
VBIMycSme59918_2521	1.25511096856927	0.327814923321187	0.679563267	0.69	537	0.9848743	-0.0219884904592993	logPhase_halfLifeRatio_G3
VBIMycSme59918_2697	0.763914037602053	-0.388517792362904	0.797390634	0.81	414	0.984432881481481	-0.0226352481863592	logPhase_halfLifeRatio_G3
VBIMycSme59918_2712	2.56231759219895	1.357449304834	1.035226286	1.01	903	1.02497652079208	0.0355908621943334	logPhase_halfLifeRatio_G3
VBIMycSme59918_2770	1.03623727953782	0.0513543918437308	0.626867543	0.63	321	0.995027846031746	-0.00719119458808655	logPhase_halfLifeRatio_G3
VBIMycSme59918_3638	0.905660998505167	-0.142956964370775	0.77091096	0.75	591	1.02788128	0.0396736432807385	logPhase_halfLifeRatio_G3
VBIMycSme59918_3650	2.73873179533082	1.45350798948543	1.246711057	1.23	1062	1.01358622520325	0.0194688232713181	logPhase_halfLifeRatio_G3
VBIMycSme59918_3691	1.43812924417185	0.524193336101968	0.72726769	0.73	591	0.996257109589041	-0.00540998024372203	logPhase_halfLifeRatio_G3
VBIMycSme59918_3829	3.4997460285385	1.80725023158263	0.757891272	0.77	753	0.984274379220779	-0.0228675533447172	logPhase_halfLifeRatio_G3
VBIMycSme59918_5416	0.841891744163852	-0.248293360644207	2.341809382	2.41	360	0.971705137759336	-0.0414094979582688	logPhase_halfLifeRatio_G3
ORF6	0.886019849028998	-0.174589075819326	0.401013227	0.41	396	0.978081041463415	-0.0319740864854536	logPhase_halfLifeRatio_G3
ORF22	1.08228576715573	0.11408147922482	1.249423629	1.25	756	0.9995389032	-0.000665375479773481	logPhase_halfLifeRatio_G3
ORF31	1.04428785518695	0.0625194418015095	0.463850578	0.47	459	0.986916123404255	-0.0190006175924628	logPhase_halfLifeRatio_G3
ORF38	1.04260013413658	0.0601859506576884	0.622652083	0.63	330	0.98833663968254	-0.0169255695968001	logPhase_halfLifeRatio_G3
