gene	ratio_5pTo3p	coverageRatio_5pTo3p_log2	HalfLife_5p300nt_hypoxia	HalfLife_entireGene_hypoxia	CDS_length	halfLifeRatio_5pVScds	halfLifeRatio_5pVScds_log2	HalfLife_entireGene_hypoxia_log2	coverageRatio_5pTo3p_log2_subset
MSMEG_0006	1.000043006341	6.20437007568684e-05	56.60714134	47.58	2529	1.18972554308533	0.250628797652708	5.57228336665041	hypoxia_G3
MSMEG_0093	1.24330583351398	0.314181220141317	13.03117699	14.94	963	0.872234068942436	-0.197212752559585	3.90110824301451	hypoxia_G3
MSMEG_0095	1.09273855521662	0.127948268154519	21.07561589	21.56	936	0.977533204545455	-0.0327823866162639	4.43028527297778	hypoxia_G3
MSMEG_0194	1.15873565690804	0.212551480955912	22.13337853	21.78	699	1.01622490955005	0.0232197328025625	4.44493204894218	hypoxia_G3
MSMEG_0230	0.996508118113111	-0.0050465367735354	8.59161943	8.6	306	0.999025515116279	-0.00140656996111113	3.10433665981474	hypoxia_G3
MSMEG_0234	1.18158319418528	0.240721211718062	11.40383621	22.73	2001	0.501708588209415	-0.99507846062991	4.50652577904312	hypoxia_G3
MSMEG_0268	0.90130338809691	-0.149915280937325	15.76286591	17.65	780	0.893080221529745	-0.163138322670781	4.14159627838382	hypoxia_G3
MSMEG_0317	0.829100319616622	-0.270381419153089	26.13383979	30.59	1197	0.854326243543642	-0.227140994522649	4.93498820178348	hypoxia_G3
MSMEG_0371	0.830351320949037	-0.268206226196331	35.12639701	36.27	858	0.968469727322856	-0.0462211414886455	5.18070484019556	hypoxia_G3
MSMEG_0372	1.37625623771954	0.460749102650065	21.41059149	23.39	1353	0.915373727661394	-0.127567209455829	4.5478199565777	hypoxia_G3
MSMEG_0373	0.808330406044624	-0.306982977989495	40.73444323	29.39	1299	1.38599670738346	0.470923830168351	4.87725345387661	hypoxia_G3
MSMEG_0383	0.988635846758507	-0.0164888770571177	12.62118995	12.7	339	0.993794484251969	-0.00898056020845058	3.6667565918848	hypoxia_G3
MSMEG_0387	1.0220282348973	0.031435053206689	10.77964686	13.3	735	0.810499763909774	-0.303116329386677	3.73335434061383	hypoxia_G3
MSMEG_0391	0.963854716895154	-0.0531123913892594	12.45316041	14.34	789	0.868421228033473	-0.203533102692591	3.84197311892718	hypoxia_G3
MSMEG_0415	0.766913975825159	-0.382863334122198	16.73455132	17.86	486	0.936984956326988	-0.0939022098702207	4.1586601753465	hypoxia_G3
MSMEG_0434	0.957311887672068	-0.062939070392754	20.14196151	19.4	633	1.03824543865979	0.0541475335615517	4.27798474729977	hypoxia_G3
MSMEG_0464	1.30648466285539	0.385690188605621	16.94902314	16.27	807	1.04173467363245	0.0589878747588592	4.0241423458978	hypoxia_G3
MSMEG_0530	0.810552201744631	-0.30302299270663	11.05845706	11.72	702	0.94355435665529	-0.0838224633169088	3.55090066464752	hypoxia_G3
MSMEG_0537	1.10000522137902	0.137510371786069	15.54796056	16.66	429	0.933250933973589	-0.0996630475461145	4.05831649559082	hypoxia_G3
MSMEG_0538	1.01204779127372	0.0172774190891626	16.62402496	15.67	492	1.06088225654116	0.0852645456680173	3.96993327469786	hypoxia_G3
MSMEG_0541	0.898552316174989	-0.154325591053142	17.26851504	16.4	351	1.05295823414634	0.0744482126362239	4.03562390973072	hypoxia_G3
MSMEG_0542	1.38596752607431	0.470893454790852	13.2641579	15.4	705	0.861308954545455	-0.215397264653079	3.94485844580754	hypoxia_G3
MSMEG_0593	1.08407918491899	0.116470140010614	43.04689267	44.82	648	0.960439372378402	-0.05823354807583	5.48607074373567	hypoxia_G3
MSMEG_0594	1.38986112145073	0.474940732298281	19.75557665	27.96	1470	0.706565688483548	-0.501104402630947	4.80529245560071	hypoxia_G3
MSMEG_0601	1.02199588261338	0.0313893840003698	22.69258028	22.95	309	0.988783454466231	-0.0162734923805406	4.52042224852645	hypoxia_G3
MSMEG_0672	0.943721977507187	-0.0835661937203063	40.01730478	34.01	654	1.17663348368127	0.234664996993276	5.08788710093312	hypoxia_G3
MSMEG_0674	0.867134940282377	-0.205671577186606	8.760529736	12.56	1011	0.697494405732484	-0.519746449062911	3.6507645591169	hypoxia_G3
MSMEG_0679	1.10293137521381	0.141343028718315	8.727478584	12.64	1689	0.690465077848101	-0.534359646789907	3.65992455840238	hypoxia_G3
MSMEG_0683	1.00606401022599	0.00872209867998833	30.39624657	30.47	369	0.997579473908763	-0.00349631415711966	4.92931759491176	hypoxia_G3
MSMEG_0693	0.959508485855088	-0.0596325292724214	12.7513656	12.47	552	1.02256340016038	0.032190294767401	3.64038956005495	hypoxia_G3
MSMEG_0699	1.31882592630572	0.399254153802033	21.80589479	21.98	1851	0.992078925841674	-0.0114731946472863	4.45811948117451	hypoxia_G3
MSMEG_0702	1.12251987980238	0.166740995290112	21.75816421	27.05	933	0.804368362661738	-0.314071756069334	4.75755668893945	hypoxia_G3
MSMEG_0703	1.02636503150371	0.0375439234206085	15.74616985	18.11	624	0.869473763114301	-0.201785600875892	4.17871464117544	hypoxia_G3
MSMEG_0704	0.975974552294612	-0.0350845636534984	8.658109958	9.17	540	0.944177748964013	-0.0828696109261071	3.19692173382033	hypoxia_G3
MSMEG_0757	1.25035922778519	0.322342640239122	14.93749131	15.93	495	0.937695625235405	-0.0928083930684843	3.99367436175058	hypoxia_G3
MSMEG_0776	0.999121199605899	-0.00126839838666873	7.429055863	7.44	312	0.998529013844086	-0.00212374681666537	2.89530262133331	hypoxia_G3
MSMEG_0777	0.895820478928059	-0.158718447548133	27.37068788	30.65	1011	0.893007761174551	-0.163255380952533	4.93781516880342	hypoxia_G3
MSMEG_0786	1.39224428902393	0.477412374722375	53.72874246	48.93	2283	1.09807362477008	0.134974788887457	5.61264737765832	hypoxia_G3
MSMEG_0787	0.784360567370915	-0.350411087006995	39.108376	48.04	969	0.814079433805162	-0.296758522551101	5.58616424593091	hypoxia_G3
MSMEG_0833	0.979790557593045	-0.0294547066951848	7.577481455	7.61	312	0.995726866622865	-0.00617803754234722	2.92789645372882	hypoxia_G3
MSMEG_0835	1.31319554974165	0.393081765915606	12.15581344	15.26	711	0.796580173001311	-0.328108523631993	3.93168305705981	hypoxia_G3
MSMEG_0903	1.39741851865808	0.482764164174011	15.6240103	18.85	1395	0.828859962864721	-0.270799718071471	4.2364926183813	hypoxia_G3
MSMEG_0918	1.06964924852696	0.0971377962824508	12.45884466	12.28	429	1.01456389739414	0.020859729116938	3.61823865559545	hypoxia_G3
MSMEG_0919	0.967132758782938	-0.0482141521434261	13.77125653	16.05	699	0.858022213707165	-0.220913096124877	4.00450139223494	hypoxia_G3
MSMEG_0921	1.30144355088409	0.380112737308119	17.6581478	18.4	405	0.959681945652174	-0.0593717426557078	4.20163386116965	hypoxia_G3
MSMEG_0924	0.950598483457744	-0.0730919948563474	16.86332101	15.02	798	1.12272443475366	0.167003871283344	3.90881290773955	hypoxia_G3
MSMEG_0929	0.710400830044768	-0.493294827528214	11.44841338	13.07	1359	0.875930633511859	-0.191111470096171	3.70818723602071	hypoxia_G3
MSMEG_0932	1.28149522615449	0.357828104289989	36.42907543	43.08	1200	0.845614564298979	-0.241927869939516	5.42894634476948	hypoxia_G3
MSMEG_0934	1.03942586498742	0.0557868644694237	36.58637075	42.81	498	0.854622068441953	-0.226641523456105	5.41987593042219	hypoxia_G3
MSMEG_0935	1.12255332493655	0.166783979304277	21.61067684	19.1	744	1.13144904921466	0.178171619425516	4.25550073314839	hypoxia_G3
MSMEG_0936	1.16765572979895	0.223614974453887	13.35823126	20.38	1191	0.655457863591757	-0.609425055769284	4.34908214639109	hypoxia_G3
MSMEG_0937	1.18262388943855	0.241991325481235	36.23700963	35.89	678	1.00966869963778	0.0138819822860749	5.16551001804135	hypoxia_G3
MSMEG_0948	1.20195587378756	0.265383932790861	21.10547031	23.06	534	0.915241557241978	-0.127775534613548	4.52732060787705	hypoxia_G3
MSMEG_0953	1.10074099375961	0.13847504022166	26.8562465	31.21	957	0.860501329702019	-0.216750673274962	4.96393645214449	hypoxia_G3
MSMEG_0987	0.802889427043793	-0.316726779672459	19.21285011	19.2	372	1.0006692765625	0.000965239007797457	4.26303440583379	hypoxia_G3
MSMEG_1029	1.21149430061382	0.276787617752095	14.80401353	15.42	738	0.960052758106355	-0.0588144059629311	3.94673086014031	hypoxia_G3
MSMEG_1033	0.863277917399828	-0.212103009981263	14.0927029	14.44	975	0.975948954293629	-0.0351224033628443	3.85199883711245	hypoxia_G3
MSMEG_1066	0.992509246448526	-0.0108475520843663	23.84455925	24.39	312	0.977636705617056	-0.0326296423641255	4.60821785302146	hypoxia_G3
MSMEG_1067	0.843616430574036	-0.245340901039728	13.18454202	13.41	372	0.983187324384788	-0.0244617788158118	3.74523733212975	hypoxia_G3
MSMEG_1077	1.00477123589058	0.00686706915108791	21.68801818	21.56	462	1.00593776345083	0.00854104953871673	4.43028527297778	hypoxia_G3
MSMEG_1165	0.974357225536196	-0.0374772948341451	30.83590299	34.2	492	0.901634590350877	-0.149385230696645	5.09592441999854	hypoxia_G3
MSMEG_1179	1.00123803154129	0.00178499725148164	24.11575563	35.25	1659	0.684134911489362	-0.547647242079896	5.13955135239879	hypoxia_G3
MSMEG_1188	0.81191708966605	-0.300595683283232	8.243380231	18.73	1908	0.440116403150027	-1.18404295287042	4.22727899446832	hypoxia_G3
MSMEG_1238	1.13415062404869	0.181612254158071	12.16271744	25.36	1701	0.479602422712934	-1.06008914833892	4.66448284036468	hypoxia_G3
MSMEG_1243	0.816736207422669	-0.292057908433003	18.4978933	22.83	891	0.810244997809899	-0.303569886048509	4.51285895444998	hypoxia_G3
MSMEG_1245	0.799971322928303	-0.321979811150693	35.02516448	31.91	849	1.09762345596992	0.134383217025968	4.99593670350459	hypoxia_G3
MSMEG_1246	1.36031374236618	0.443939432618288	40.16112692	40.07	1437	1.00227419316197	0.00327724206691846	5.32445060465607	hypoxia_G3
MSMEG_1344	1.0781593356091	0.108570402307855	15.92619429	15.93	435	0.999761097928437	-0.000344704010792946	3.99367436175058	hypoxia_G3
MSMEG_1345	1.29395263372753	0.37178480717809	17.97027619	25.2	843	0.713106198015873	-0.487811151539478	4.65535182861255	hypoxia_G3
MSMEG_1369	1.09260558220645	0.127772699007954	11.87567982	15.32	1050	0.775174922976501	-0.36740619477759	3.93734439215023	hypoxia_G3
MSMEG_1403	0.938239905229833	-0.0919712320273957	9.305132913	9.99	918	0.931444736036036	-0.102457920365564	3.32048467801769	hypoxia_G3
MSMEG_1417	1.19713917595136	0.259590885600415	15.52566981	27.08	1284	0.573326063884786	-0.802572228230744	4.75915583380027	hypoxia_G3
MSMEG_1422	1.02060309874901	0.0294219271437796	46.47138451	45.54	309	1.02045200944225	0.029208335856486	5.5090623863619	hypoxia_G3
MSMEG_1424	0.959924416181671	-0.0590072814419059	37.10244397	50.29	1200	0.737769814476039	-0.438757331873331	5.65219964830406	hypoxia_G3
MSMEG_1521	1.22931697698944	0.297856959785895	52.03246951	60.28	375	0.863179653450564	-0.212267236331042	5.9136075118231	hypoxia_G3
MSMEG_1575	0.752177150417347	-0.410855613928285	14.62254727	15.8	1170	0.925477675316456	-0.111729905546454	3.98185265328974	hypoxia_G3
MSMEG_1601	0.917836561822654	-0.123690817544868	11.44882667	11.14	411	1.02772232226212	0.0394505189970903	3.47767732756531	hypoxia_G3
MSMEG_1602	0.845536445505982	-0.242061153832775	12.79332442	21.26	1542	0.601755617121355	-0.73275039120745	4.41006969175638	hypoxia_G3
MSMEG_1604	1.2265482337909	0.294603968736674	28.88280779	22.18	1737	1.30220053155996	0.380951632535974	4.47118746038699	hypoxia_G3
MSMEG_1610	1.20483760371931	0.26883870322072	18.05426037	22.87	1563	0.789429836904241	-0.3411170472293	4.51538446063695	hypoxia_G3
MSMEG_1647	0.831524149793038	-0.266169930856824	16.81079526	18.64	852	0.901866698497854	-0.149013884941016	4.22032995487956	hypoxia_G3
MSMEG_1658	1.14250412311938	0.192199371754373	21.79226669	35.26	1038	0.618044999716393	-0.694216210634433	5.13996056954546	hypoxia_G3
MSMEG_1668	0.959456312271337	-0.0597109784139957	33.74629475	59.93	522	0.563095190221926	-0.828549266981989	5.90520646879571	hypoxia_G3
MSMEG_1702	0.944741742741605	-0.0820080908308612	11.82366757	10.53	1185	1.12285541975309	0.167172176506546	3.39643353125099	hypoxia_G3
MSMEG_1703	0.771059309380232	-0.375086259315355	17.26162244	25.41	1173	0.679323984258166	-0.557828303913984	4.66732447027863	hypoxia_G3
MSMEG_1764	1.40088669963107	0.486340278759273	18.26308717	16.37	1365	1.11564368784362	0.157876335535913	4.03298241669943	hypoxia_G3
MSMEG_1777	0.974508030621836	-0.0372540205477986	37.55794413	37.83	306	0.992808462331483	-0.0104126823686956	5.24145887127465	hypoxia_G3
MSMEG_1791	0.957895509280388	-0.0620598047555385	42.25030451	42.02	309	1.00548083079486	0.00788557733614136	5.39300425689832	hypoxia_G3
MSMEG_1802	0.968842206115251	-0.0456663797035451	28.19035687	31.46	420	0.896069830578512	-0.158316929229785	4.97544676564096	hypoxia_G3
MSMEG_1808	1.28894481930621	0.366190502165571	20.83809178	21.49	411	0.969664577943229	-0.0444423119428098	4.42559357765306	hypoxia_G3
MSMEG_1809	0.715148637711426	-0.483684969635569	12.52680284	14.96	888	0.837353131016043	-0.25609192620378	3.90303827011291	hypoxia_G3
MSMEG_1817	1.38884722225381	0.473887906864771	11.60853105	13.26	672	0.875454830316742	-0.191895351133326	3.72900887033786	hypoxia_G3
MSMEG_1818	0.810219302166325	-0.303615639574286	9.5361644	12.25	519	0.7784624	-0.361300736563847	3.61470984411521	hypoxia_G3
MSMEG_1823	1.00267607448955	0.00385560275291271	31.24208393	38.81	705	0.805000874259212	-0.312937744841792	5.27835652801072	hypoxia_G3
MSMEG_1824	1.00095918506701	0.00138314829786979	18.52640012	21.07	1494	0.879278600854295	-0.185607736814355	4.39711840904258	hypoxia_G3
MSMEG_1831	0.782070679187491	-0.354629098728807	12.23614661	11.99	390	1.02052932527106	0.0293176393184662	3.5837597536395	hypoxia_G3
MSMEG_1832	1.06952037474563	0.0969639666212216	11.20615969	11.47	465	0.976997357454228	-0.0335734348358061	3.5197934862411	hypoxia_G3
MSMEG_1833	0.85800204579431	-0.220947007239713	11.60022086	11.28	420	1.02838837411348	0.0403852057707471	3.49569516262407	hypoxia_G3
MSMEG_1835	1.08883706495759	0.122788083380298	24.46640461	34.2	1083	0.715391947660819	-0.483194215211177	5.09592441999854	hypoxia_G3
MSMEG_1842	1.05460234127852	0.0766991047008237	15.67789229	15.35	624	1.02136106123779	0.0304929633503716	3.94016675048282	hypoxia_G3
MSMEG_1915	1.00081477648716	0.00117499538313026	39.44492813	39.87	306	0.989338553549034	-0.0154637964045202	5.31723170022261	hypoxia_G3
MSMEG_1927	0.75554935498112	-0.40440209481055	19.86997992	19.99	798	0.993995993996999	-0.00868805743814101	4.3212065669699	hypoxia_G3
MSMEG_1942	0.994727517120007	-0.00762670846372837	19.43317003	18.6	714	1.04479408763441	0.0632186379802765	4.21723071622067	hypoxia_G3
MSMEG_1945	1.17194026967339	0.228899041738025	12.46679732	19.84	1095	0.628366800403226	-0.670321136659635	4.31034012061215	hypoxia_G3
MSMEG_1953	0.979638659706113	-0.0296783864552926	21.90285132	22	312	0.995584150909091	-0.00638483120848775	4.4594316186373	hypoxia_G3
MSMEG_1981	1.07721688571715	0.10730874983289	20.99873251	18.54	489	1.13261771898598	0.179661005036347	4.21256933885081	hypoxia_G3
MSMEG_2009	0.955290109551849	-0.0659891669193606	12.18051301	16.19	681	0.75234793143916	-0.410528088734751	4.01703108052784	hypoxia_G3
MSMEG_2010	0.985929842485114	-0.0204431049778057	11.62764306	11.56	318	1.00585147577855	0.00841729224391768	3.53106949272595	hypoxia_G3
MSMEG_2026	0.844504148341804	-0.243823585090483	34.22756707	27.49	831	1.24509156311386	0.316251840922266	4.78083500173823	hypoxia_G3
MSMEG_2080	1.17705370776697	0.235180150589855	17.86787431	26.84	1221	0.665718118852459	-0.587016660260754	4.74631276642546	hypoxia_G3
MSMEG_2143	1.12213091132041	0.16624099510493	19.25523303	20.21	441	0.9527576956952	-0.0698187387442119	4.33699741660501	hypoxia_G3
MSMEG_2171	1.14148381639544	0.190910405623456	8.940509367	11.91	1221	0.75067249093199	-0.413744479778011	3.57410150808939	hypoxia_G3
MSMEG_2225	1.32613352921623	0.407226048632345	8.845761008	13.35	738	0.66260382082397	-0.593781572319777	3.73876783680019	hypoxia_G3
MSMEG_2261	1.08988046651717	0.124169914984435	16.90732956	17.04	570	0.992214176056338	-0.0112765253003131	4.09085343045111	hypoxia_G3
MSMEG_2263	1.24201613734393	0.312683918417339	33.61174897	34.74	1215	0.967522998560737	-0.0476321395577903	5.11852584893567	hypoxia_G3
MSMEG_2264	1.35415325200189	0.437391020590713	42.05554363	48.64	798	0.864628775287829	-0.209847244225787	5.60407132366886	hypoxia_G3
MSMEG_2267	0.781027671239482	-0.356554431983899	49.55246535	42.22	1251	1.17367279369967	0.231030257934351	5.39985467357243	hypoxia_G3
MSMEG_2270	0.802654383166674	-0.31714918687951	43.61807334	47.78	822	0.912893958560067	-0.131480807892043	5.57833494868161	hypoxia_G3
MSMEG_2272	1.00453802353577	0.00653217365635288	10.42702258	10.47	336	0.995895184336199	-0.00593418491902262	3.38818953715608	hypoxia_G3
MSMEG_2276	1.13384654582687	0.18122539993169	27.53306241	35.8	1074	0.769079955586592	-0.378794502510488	5.16188768237689	hypoxia_G3
MSMEG_2309	1.21483087957588	0.280755485699656	14.99287501	15.15	738	0.989628713531353	-0.0150407349648299	3.92124588858559	hypoxia_G3
MSMEG_2313	0.862891826007651	-0.212748383529537	13.67399231	14.2	975	0.962957204929577	-0.0544564106376941	3.82781902461732	hypoxia_G3
MSMEG_2351	0.973011794535607	-0.039470801890329	23.23050521	25.11	792	0.925149550378335	-0.112241498826188	4.65019012349677	hypoxia_G3
MSMEG_2374	0.87725239592141	-0.18893611201573	42.88446307	52.55	1014	0.816069706374881	-0.293235706481957	5.71561885907482	hypoxia_G3
MSMEG_2378	0.838579402168304	-0.253980700852113	20.06906652	26.8	1587	0.748845765671642	-0.417259487036165	4.74416109557041	hypoxia_G3
MSMEG_2379	0.989377053310161	-0.0154076555278143	32.45266102	43.35	1023	0.748619631372549	-0.417695213744775	5.43796008833447	hypoxia_G3
MSMEG_2389	1.10532260684076	0.144467505690854	33.95447246	32.23	627	1.05350519578033	0.0751974293977721	5.01033228328482	hypoxia_G3
MSMEG_2391	1.20761420545429	0.272159632830292	13.87450861	23.71	2199	0.585175394770139	-0.773058986021676	4.56742375770728	hypoxia_G3
MSMEG_2393	0.855428541600235	-0.22528075096728	14.83914236	19.03	999	0.779776266946926	-0.358867848947688	4.2502036564993	hypoxia_G3
MSMEG_2430	1.17172364922873	0.228632350563046	26.09769	27.29	1569	0.956309637229754	-0.0644502802702046	4.77030048949942	hypoxia_G3
MSMEG_2440	1.05698355507204	0.0799529309300827	12.59838945	13.21	342	0.953700942467827	-0.0683911519872774	3.7235585614721	hypoxia_G3
MSMEG_2443	0.978813758804453	-0.0308937139242459	11.26341336	11.26	306	1.00030314031972	0.000437272761793114	3.4931349223055	hypoxia_G3
MSMEG_2456	1.0086837402777	0.012473906997576	13.53997036	13.39	999	1.01120017625093	0.0160686200876274	3.74308405554959	hypoxia_G3
MSMEG_2457	1.05450434830353	0.076565044171917	16.04892754	16.12	318	0.995591038461539	-0.00637485053193744	4.01077983875324	hypoxia_G3
MSMEG_2459	0.920214162634189	-0.119958434354837	26.83017226	29.48	801	0.910114391451832	-0.135880207149124	4.88166461932035	hypoxia_G3
MSMEG_2464	1.14054553147747	0.189724041323942	47.3034881	45.6	507	1.03735719517544	0.0529127456235143	5.51096191927738	hypoxia_G3
MSMEG_2465	1.19011493195518	0.25110090441987	26.99131901	26.62	1221	1.01394887340346	0.0199849088039045	4.73443866613717	hypoxia_G3
MSMEG_2517	0.96794265923215	-0.0470065098789016	20.35234617	24.14	882	0.843096361640431	-0.246230561566017	4.5933537709803	hypoxia_G3
MSMEG_2520	1.08210955702636	0.113846570677831	48.23081268	95.6	828	0.504506408786611	-0.987055498764975	6.57893871309339	hypoxia_G3
MSMEG_2540	0.711250019872622	-0.491571307158642	14.62473073	15.36	747	0.952130906901042	-0.070768153966099	3.94110631094643	hypoxia_G3
MSMEG_2541	0.98646102307073	-0.0196660464052941	23.48055098	23.99	558	0.978764109212172	-0.0309668954019816	4.58436125251871	hypoxia_G3
MSMEG_2546	1.05470310322328	0.0768369403646916	35.75550962	24.67	714	1.44935182894203	0.535407850420993	4.6246858105254	hypoxia_G3
MSMEG_2578	0.86271040520475	-0.213051738368664	20.04882763	20.71	1197	0.96807472863351	-0.0468096770695632	4.37225564844579	hypoxia_G3
MSMEG_2591	1.04890254723397	0.0688806444038955	18.56228678	18.77	657	0.988933765583378	-0.0160541960104457	4.23035674505615	hypoxia_G3
MSMEG_2595	1.2402219047284	0.310598275619536	11.54578267	19.51	1374	0.591787937980523	-0.756847803548205	4.2861418728343	hypoxia_G3
MSMEG_2606	0.92559748754609	-0.111543146506907	19.92186799	19.41	330	1.02637135445647	0.0375528111595815	4.27872821293894	hypoxia_G3
MSMEG_2611	0.898100937743177	-0.155050496025674	30.36963401	40.91	1386	0.742352334637008	-0.429824014796964	5.35438163211332	hypoxia_G3
MSMEG_2613	1.0416080049462	0.0588124410315179	9.19073254	17.55	1533	0.523688463817664	-0.933219270463589	4.1333991254172	hypoxia_G3
MSMEG_2619	0.777230184601038	-0.363586164205207	12.25393239	15.18	1548	0.807241922924901	-0.308926994247223	3.92409988564074	hypoxia_G3
MSMEG_2648	1.20270726592256	0.266285539110935	21.78086358	27.34	666	0.796666553767374	-0.327952086966088	4.77294133783134	hypoxia_G3
MSMEG_2652	1.14910029249707	0.200504720676547	21.3979341	18.43	711	1.16103820401519	0.215415444930819	4.20398416585599	hypoxia_G3
MSMEG_2660	0.968325892364905	-0.0464354232422958	28.21938239	24.15	516	1.16850444679089	0.224663224365461	4.59395128394841	hypoxia_G3
MSMEG_2670	0.784615460458617	-0.349942331601818	18.81775877	19.31	801	0.974508481097877	-0.037253353647804	4.27127625917593	hypoxia_G3
MSMEG_2685	1.01385208380494	0.0198471853519016	17.1978371	25.23	1677	0.681642374157749	-0.552913071695902	4.65706830120158	hypoxia_G3
MSMEG_2694	0.888589463350049	-0.170411060519815	18.15728132	17.92	339	1.01324114508929	0.018977567448315	4.16349873228288	hypoxia_G3
MSMEG_2736	1.03711096087027	0.052570256864067	16.31605122	18.61	1413	0.876735691563675	-0.189786114180958	4.21800615028443	hypoxia_G3
MSMEG_2743	0.811647577166537	-0.301074659400439	14.12791919	14.53	453	0.972327542326222	-0.040485706890401	3.86096279785812	hypoxia_G3
MSMEG_2758	0.856448749678879	-0.223561177587244	11.83938961	22.59	1401	0.52409869898185	-0.932089567240979	4.49761236561836	hypoxia_G3
MSMEG_2768	0.852726991611357	-0.229844171505456	8.744518264	9.01	372	0.970534768479467	-0.0431481978531906	3.17152710603881	hypoxia_G3
MSMEG_2779	0.994698553035943	-0.00766871690130987	19.03673003	18.38	582	1.03573068715996	0.0506489192325676	4.20006486151431	hypoxia_G3
MSMEG_2783	1.02422411736601	0.0345314356842028	16.69453267	16.7	312	0.99967261497006	-0.000472394090752502	4.06177619758669	hypoxia_G3
MSMEG_2784	0.932282375180114	-0.101161101841744	16.13020417	17.05	414	0.946053030498534	-0.0800070395542613	4.09169983413681	hypoxia_G3
MSMEG_2868	1.11420082789587	0.156009293087759	14.73927419	14.36	696	1.02641185167131	0.03760973400546	3.84398384404833	hypoxia_G3
MSMEG_2902	0.854854278002013	-0.226249581697445	30.48794444	24.76	744	1.23133862843296	0.300227569603696	4.62993940943954	hypoxia_G3
MSMEG_2931	0.774964060780433	-0.367798688418021	14.94231727	21.9	2055	0.682297592237443	-0.551526969711533	4.45285896471381	hypoxia_G3
MSMEG_2944	1.16562804757635	0.221107497350757	18.12634553	18.7	588	0.969323290374332	-0.0449501788524445	4.22496636500027	hypoxia_G3
MSMEG_2945	1.2540954255848	0.326647128666342	27.96016726	25.61	1056	1.09176756188989	0.126665738123132	4.67863534782274	hypoxia_G3
MSMEG_2946	1.06787077807136	0.0947370785658365	21.15447532	22.32	387	0.947781152329749	-0.0773741232086479	4.48026512205446	hypoxia_G3
MSMEG_2975	0.84773969505922	-0.238306752619634	12.0696123	18.46	678	0.653825151679307	-0.613023218386254	4.20633064787105	hypoxia_G3
MSMEG_3014	1.1375086770605	0.185877550414106	10.35442932	10.09	381	1.02620706838454	0.0373218677772246	3.33485426933163	hypoxia_G3
MSMEG_3022	0.975811587780032	-0.0353254794923242	29.19452055	29.16	306	1.00118383230453	0.00170689885321127	4.86591881455221	hypoxia_G3
MSMEG_3030	1.1877005484508	0.248171139402922	21.89370704	22.94	1200	0.954390019180471	-0.0673491391909052	4.5197934862411	hypoxia_G3
MSMEG_3053	1.13672802016435	0.184887108321322	8.633239007	8.61	324	1.00269907166086	0.00388869172887979	3.10601323762212	hypoxia_G3
MSMEG_3066	0.709615418961505	-0.494890737140124	12.20998983	13.04	678	0.936348913343558	-0.094881870899258	3.70487196445635	hypoxia_G3
MSMEG_3072	1.29799392632204	0.376283632577751	13.43996513	20.78	1320	0.646774067853705	-0.628666259194004	4.37712374912949	hypoxia_G3
MSMEG_3074	1.31651713085726	0.396726294222576	47.75699862	60.07	474	0.795022450807391	-0.330932493344264	5.90857275875175	hypoxia_G3
MSMEG_3079	1.38810586617112	0.473117601616268	25.73127432	39.45	876	0.652250299619772	-0.616502393123501	5.3019533951261	hypoxia_G3
MSMEG_3080	0.862481837724444	-0.213434018283992	55.17492772	46.75	1065	1.18021235764706	0.239046469553263	5.54689445988764	hypoxia_G3
MSMEG_3101	1.32146022590069	0.402133002535759	32.10412148	57.41	1551	0.559207829298032	-0.838543535299956	5.84323015049655	hypoxia_G3
MSMEG_3102	0.751089894542981	-0.412942507187732	42.56787851	57.15	1116	0.744844768328959	-0.424988307295219	5.83668159332712	hypoxia_G3
MSMEG_3103	0.799186348557727	-0.323396155195818	14.56453994	23.33	2091	0.624283752250322	-0.679726176510736	4.54411440220947	hypoxia_G3
MSMEG_3117	0.743553804524784	-0.427490953534287	12.30835194	14.81	963	0.831083858203916	-0.266934039418751	3.88849973551412	hypoxia_G3
MSMEG_3138	0.911923867633263	-0.133014709502454	21.90393185	20.96	375	1.04503491650763	0.0635511461634381	4.38956681176273	hypoxia_G3
MSMEG_3143	0.973249542097932	-0.0391183340851071	15.17599367	31.77	2832	0.477683149826881	-1.0658741079462	4.98959318493877	hypoxia_G3
MSMEG_3144	0.768875325357213	-0.379178413567644	11.4913375	11.14	603	1.03153837522442	0.0447974932710546	3.47767732756531	hypoxia_G3
MSMEG_3145	1.28422919713228	0.360902704062777	7.725017225	14.62	1494	0.528386951094391	-0.92033325628117	3.86987140617771	hypoxia_G3
MSMEG_3146	1.34214298912639	0.424538381459349	39.47157869	45.49	690	0.867697926797098	-0.204735212771565	5.50747752951693	hypoxia_G3
MSMEG_3155	1.16110029125258	0.215492591879361	17.92852816	24.36	1227	0.735982272577997	-0.442257078023311	4.60644222813161	hypoxia_G3
MSMEG_3163	0.828973497482274	-0.270602115798521	17.07355214	21.53	732	0.793012175568974	-0.334585078266898	4.42827641439251	hypoxia_G3
MSMEG_3164	0.888390900823323	-0.170733478459351	14.38584744	14.44	363	0.996249822714681	-0.0054205325156684	3.85199883711245	hypoxia_G3
MSMEG_3174	1.09424729567047	0.129938818495929	21.3012301	23.44	708	0.908755550341297	-0.138035824382876	4.55090066464752	hypoxia_G3
MSMEG_3175	1.37505087037368	0.459484992512407	23.61953399	31.36	930	0.753173915497449	-0.408945058602397	4.97085365434048	hypoxia_G3
MSMEG_3183	0.879676009185662	-0.18495582796423	11.2797236	15.1	1293	0.747001562913907	-0.420816833391211	3.91647664443772	hypoxia_G3
MSMEG_3198	0.721337158267798	-0.471254351557325	23.08908365	24.81	666	0.930636180975413	-0.103710818066091	4.63284983011771	hypoxia_G3
MSMEG_3201	0.724527580199437	-0.464887485768213	23.21722397	31.87	867	0.728497771258237	-0.457003536323872	4.99412711400313	hypoxia_G3
MSMEG_3205	0.920989884391862	-0.118742784192728	20.92102783	25.01	1329	0.836506510595762	-0.257551325971414	4.64443315240625	hypoxia_G3
MSMEG_3219	1.13287264069067	0.17998568024775	53.636144	42.16	819	1.2722045540797	0.347330656023391	5.39780296186249	hypoxia_G3
MSMEG_3221	0.917370264886244	-0.124423949399465	48.63550392	78.03	789	0.623292373702422	-0.682019034134403	6.28595699488942	hypoxia_G3
MSMEG_3227	0.761167511826622	-0.393714109112094	19.53331222	23.94	1419	0.815927828738513	-0.293486547746742	4.58135124716878	hypoxia_G3
MSMEG_3232	1.27694618613208	0.352697727361492	42.06032436	47.47	1053	0.886040117126606	-0.174556073906899	5.56894414465471	hypoxia_G3
MSMEG_3233	0.805765131115293	-0.311568719601263	10.35922881	16.24	1464	0.637883547413793	-0.648635026545037	4.02147972741045	hypoxia_G3
MSMEG_3234	0.802263378191422	-0.317852152431392	17.23241246	19.61	576	0.878756372259051	-0.186464849031406	4.29351763041742	hypoxia_G3
MSMEG_3238	1.36676147204715	0.450761484991363	23.03613491	29.25	861	0.787560167863248	-0.344537948451533	4.8703647195834	hypoxia_G3
MSMEG_3252	0.989266965076057	-0.0155681935003761	19.27038726	18.89	330	1.0201369645315	0.0287628627702297	4.23955079661364	hypoxia_G3
MSMEG_3331	0.932233906220662	-0.101236108885825	10.15719247	11.1	498	0.915062384684685	-0.128057991919981	3.47248777146274	hypoxia_G3
MSMEG_3477	1.28367057821743	0.360275018544329	22.51232093	27.8	663	0.809795716906475	-0.304370082416496	4.79701297783614	hypoxia_G3
MSMEG_3494	0.9527019756913	-0.0699031141571736	16.83693204	17.57	462	0.958277293113261	-0.0614849112501319	4.13504228623365	hypoxia_G3
MSMEG_3528	0.946942576464002	-0.0786511529977717	22.63681507	21.36	780	1.05977598642322	0.08375934268389	4.41683974191283	hypoxia_G3
MSMEG_3542	1.06628807495653	0.0925972581393271	20.03158132	20.71	372	0.967241975857074	-0.0480512396233422	4.37225564844579	hypoxia_G3
MSMEG_3545	1.39050890184002	0.475612980642413	17.20739039	17.94	624	0.959163343924192	-0.0601515701524192	4.16510798514454	hypoxia_G3
MSMEG_3560	0.985162287220208	-0.0215666934834583	22.08720799	22.25	363	0.992683505168539	-0.0105942747221188	4.4757334309664	hypoxia_G3
MSMEG_3575	1.11887026980961	0.162042769154044	29.227704	25.09	480	1.1649144679155	0.220224031064846	4.64904056563445	hypoxia_G3
MSMEG_3580	1.17847706093357	0.236923676789634	18.84720744	19.01	990	0.991436477643345	-0.0124077544299226	4.24868662687383	hypoxia_G3
MSMEG_3616	0.9927894190766	-0.0104403552521531	46.83544304	46.83	303	1.00011622976724	0.000167674364618063	5.54936113292434	hypoxia_G3
MSMEG_3618	0.841742274357004	-0.248549520055691	19.12622447	20.05	1062	0.953926407481297	-0.0680501238946057	4.32553033156756	hypoxia_G3
MSMEG_3619	0.909543062344214	-0.136786150952604	12.4403898	16.16	672	0.769826101485149	-0.377395507338517	4.01435529297707	hypoxia_G3
MSMEG_3621	1.18654939935142	0.246772165189044	13.86064845	20.83	1374	0.665417592414786	-0.587668085964359	4.38059093426592	hypoxia_G3
MSMEG_3627	1.00840643197242	0.0120772253570007	16.2934584	16.27	303	1.00144181929932	0.00207860742467422	4.0241423458978	hypoxia_G3
MSMEG_3628	0.899564734470795	-0.152700990465003	18.43879345	18.81	408	0.980265467836257	-0.0287555933461086	4.23342794374847	hypoxia_G3
MSMEG_3640	0.834046951401661	-0.261799494613419	18.53537167	28.67	2166	0.646507557377049	-0.629260860309427	4.8414699994658	hypoxia_G3
MSMEG_3644	0.801559176545866	-0.31911906102314	22.56540919	23.64	588	0.954543535956007	-0.067117095607575	4.56315813040281	hypoxia_G3
MSMEG_3645	1.01158530000599	0.0166179775402987	17.24557597	20.41	495	0.844957176384125	-0.243049869449716	4.35120427725799	hypoxia_G3
MSMEG_3647	0.845745508552282	-0.241704484477978	16.82651009	18.35	432	0.916976026702997	-0.12504407819768	4.19770815795585	hypoxia_G3
MSMEG_3661	0.845308497991011	-0.24245014130639	13.87572269	17.05	600	0.81382537771261	-0.297208825867628	4.09169983413681	hypoxia_G3
MSMEG_3674	1.09223676154168	0.127285619699357	12.36637905	12.62	411	0.979903252773376	-0.0292887779392593	3.65764000520782	hypoxia_G3
MSMEG_3680	0.995009453461497	-0.00721786229918489	17.61457408	17.66	306	0.997427750849377	-0.00371575206498236	4.14241343787374	hypoxia_G3
MSMEG_3738	0.971592906894042	-0.041576137258319	19.85191544	32.78	1416	0.605610599145821	-0.723537639891821	5.03474394932473	hypoxia_G3
MSMEG_3743	0.806190516437776	-0.310807282634444	10.33548423	14.34	834	0.720745064853556	-0.472439041676617	3.84197311892718	hypoxia_G3
MSMEG_3746	1.37196654049187	0.456245297505566	19.51859982	24.6	1773	0.793439017073171	-0.333808751659353	4.62058641045188	hypoxia_G3
MSMEG_3766	1.02431977630361	0.0346661720454003	24.99343266	23.92	537	1.04487594732441	0.0633316688099343	4.58014548442338	hypoxia_G3
MSMEG_3791	1.0132827800485	0.0190368478233904	53.36538462	54.93	390	0.971516195521573	-0.0416900486352564	5.77952238674377	hypoxia_G3
MSMEG_3811	1.06118143857794	0.085671346316495	11.40871996	11.64	444	0.980130580756014	-0.0289541255990115	3.54101915313356	hypoxia_G3
MSMEG_3858	1.04502365167121	0.063535594710575	9.426551453	9.61	354	0.980910661082206	-0.0278063495569346	3.26453643099903	hypoxia_G3
MSMEG_3862	1.05938776672362	0.0832307543283948	21.44029875	19.82	507	1.08175069374369	0.113368045983067	4.30888505741176	hypoxia_G3
MSMEG_3880	0.726910615341201	-0.460150121020523	12.0774699	12.17	420	0.992396869350863	-0.0110109108250043	3.605257262939	hypoxia_G3
MSMEG_3888	0.858270371214731	-0.220495899650144	29.49303858	38.47	957	0.766650340005199	-0.383359363000645	5.26566192452189	hypoxia_G3
MSMEG_3894	1.27232047834167	0.34746210952127	32.64497851	30.65	741	1.06508902153344	0.0909740178290172	4.93781516880342	hypoxia_G3
MSMEG_3895	1.08371977071728	0.115991751468314	20.26786448	22.93	843	0.883901634539904	-0.178042267417174	4.51916444980607	hypoxia_G3
MSMEG_3902	1.14760449553681	0.198625524731898	27.06447929	26.23	1842	1.03181392642013	0.0451828238281414	4.71314590249026	hypoxia_G3
MSMEG_3903	0.930393094048251	-0.10408770660946	15.27547461	15.51	504	0.984879085106383	-0.0219814810039015	3.95512678126137	hypoxia_G3
MSMEG_3916	0.998761527725512	-0.00178784513565852	18.81946034	18.95	318	0.99311136358839	-0.00997258993504911	4.24412594328373	hypoxia_G3
MSMEG_3932	0.793418765080796	-0.333845575941021	28.06502996	27.38	438	1.02501935573411	0.0356511528116607	4.77505054148317	hypoxia_G3
MSMEG_3933	1.22471623764095	0.292447520680281	13.73394098	20.12	1356	0.682601440357853	-0.550884636215396	4.3305584000308	hypoxia_G3
MSMEG_3937	1.19926968377795	0.262156118885481	45.57305032	37.39	471	1.21885665472051	0.285528465839932	5.22458056608344	hypoxia_G3
MSMEG_3940	0.800264813397887	-0.321450617689612	19.54512106	21.9	882	0.892471281278539	-0.164122349301534	4.45285896471381	hypoxia_G3
MSMEG_3946	1.033978752595	0.0482065397720166	13.55537554	12.71	576	1.06651263099921	0.0929010520094904	3.66789212523023	hypoxia_G3
MSMEG_4071	1.10396037042837	0.142688383698834	22.94921538	22.64	330	1.01365792314488	0.0195708714286164	4.50080205305716	hypoxia_G3
MSMEG_4121	0.804855480072538	-0.313198338865717	10.37599748	10.29	741	1.00835738386783	0.0120070520856402	3.36317107711924	hypoxia_G3
MSMEG_4180	0.832320040562831	-0.264789720184573	13.89187284	18.94	867	0.73346741499472	-0.447195220699327	4.24336442569366	hypoxia_G3
MSMEG_4195	0.99519519235938	-0.00694857884814138	11.11205658	11.14	306	0.997491614003591	-0.00362338236068851	3.47767732756531	hypoxia_G3
MSMEG_4217	1.07455042033103	0.103733178861475	20.35197301	24.52	819	0.830015212479608	-0.268790316538923	4.61588707391606	hypoxia_G3
MSMEG_4220	0.83944344732777	-0.252494959728611	50.56333323	37.76	876	1.33907132494703	0.421232807119928	5.23878685958712	hypoxia_G3
MSMEG_4222	0.959761091167354	-0.0592527676820997	14.3213795	21.7	1158	0.659971405529954	-0.599524576467487	4.43962313755712	hypoxia_G3
MSMEG_4236	0.953097981718887	-0.0693035591638356	13.35555248	13.51	432	0.988567911176906	-0.0165880173974302	3.75595576955096	hypoxia_G3
MSMEG_4237	0.761383213976852	-0.393305331369253	18.6874979	18.89	402	0.989279931180519	-0.0155492845378011	4.23955079661364	hypoxia_G3
MSMEG_4240	1.04357630900068	0.0615360979502649	14.07278121	20.95	1089	0.6717318	-0.574042766710621	4.38887833881199	hypoxia_G3
MSMEG_4242	0.83620201064719	-0.258076582541855	11.18662174	11.78	405	0.94962833106961	-0.0745651181173976	3.55826763405574	hypoxia_G3
MSMEG_4244	0.917866478043284	-0.123643794707066	17.30018417	20.91	1395	0.827364140124342	-0.273405665699515	4.38612115681485	hypoxia_G3
MSMEG_4260	0.99234180025988	-0.0110909696314395	22.07688457	20.18	612	1.09399824430129	0.129610422828955	4.33485426933163	hypoxia_G3
MSMEG_4267	1.0483989271272	0.0681877824063377	28.77212992	32.64	363	0.881499078431373	-0.181969033615511	5.02856915219677	hypoxia_G3
MSMEG_4272	0.899783642041012	-0.152349955755276	14.59732426	14.21	357	1.02725716115412	0.0387973877706173	3.82883464946806	hypoxia_G3
MSMEG_4278	1.31391276351098	0.393869491925037	18.71769722	22.08	1098	0.847721794384058	-0.23833721655579	4.46466826700344	hypoxia_G3
MSMEG_4285	0.925220572306962	-0.112130750189449	20.40978934	21.87	687	0.933232251486054	-0.0996919287407909	4.45088131527337	hypoxia_G3
MSMEG_4287	1.13340098255059	0.180658358239668	17.53494483	16.97	753	1.03329079728933	0.0472463265820843	4.08491465976794	hypoxia_G3
MSMEG_4288	0.893093649040573	-0.163116631833621	26.94654388	24.52	474	1.09896182218597	0.136141268089074	4.61588707391606	hypoxia_G3
MSMEG_4301	0.796550701720589	-0.3281619003774	11.25391606	19.49	1785	0.577420013340174	-0.792306982730432	4.28466218548316	hypoxia_G3
MSMEG_4311	0.873215919743166	-0.195589662308136	40.70009044	44.93	834	0.905855562875584	-0.142647061541954	5.48960715674871	hypoxia_G3
MSMEG_4313	0.776321775498606	-0.36527333977474	17.39089563	19.16	417	0.907666786534447	-0.139765327815054	4.26002565596146	hypoxia_G3
MSMEG_4320	1.00004303257759	6.20815505368216e-05	20.51914041	19.53	471	1.05064723041475	0.0712783454529336	4.28762004411207	hypoxia_G3
MSMEG_4321	0.894360599352883	-0.161071462576433	16.61448654	17.98	438	0.924053756395996	-0.113951312694039	4.16832111573972	hypoxia_G3
MSMEG_4325	0.877586976875219	-0.188385978144599	11.39230763	14.58	933	0.781365406721536	-0.355930710182319	3.86591881455221	hypoxia_G3
MSMEG_4328	1.39688307576777	0.482211266939485	45.34962107	37.36	1254	1.21385495369379	0.27959604096056	5.22342254993494	hypoxia_G3
MSMEG_4329	1.08447370427949	0.116995071760297	54.87804878	37.89	1425	1.4483517756664	0.534412046739508	5.24374523473398	hypoxia_G3
MSMEG_4336	0.739672786969687	-0.435040895789722	24.43086359	25.07	513	0.974505927004388	-0.0372571348184258	4.64789009105921	hypoxia_G3
MSMEG_4379	0.886480886093065	-0.173838570177421	10.41702511	12.19	645	0.854554972108286	-0.226754793814408	3.60762622084549	hypoxia_G3
MSMEG_4401	1.04369058169393	0.0616940659118676	27.21021731	30.35	726	0.896547522570016	-0.157548037996731	4.92362461136832	hypoxia_G3
MSMEG_4456	1.07112113936651	0.0991216521518731	21.56253946	17.62	816	1.22375365834279	0.291313172691169	4.13914201914569	hypoxia_G3
MSMEG_4496	1.32269466997832	0.403480069215721	33.16914771	28.82	537	1.15090727654407	0.202771606659894	4.84899843040002	hypoxia_G3
MSMEG_4527	1.18566020326769	0.245690609124999	10.12772183	21.15	1710	0.478852095981088	-1.06234797826795	4.40258575823259	hypoxia_G3
MSMEG_4528	1.3722790215345	0.456573850357227	35.04709783	51.79	711	0.676715540258737	-0.563378575562899	5.69460165335612	hypoxia_G3
MSMEG_4556	0.736759744616281	-0.440733857873191	12.16558345	21.55	1896	0.564528234338747	-0.824882357074468	4.42961596420174	hypoxia_G3
MSMEG_4582	1.31545220035114	0.395558826178254	22.10781043	32.28	1458	0.684876407372986	-0.546084431715929	5.01256867350306	hypoxia_G3
MSMEG_4584	0.938289534028004	-0.0918949217713187	11.02428156	16.78	1275	0.6569893659118	-0.60605807574078	4.0686708106651	hypoxia_G3
MSMEG_4620	0.780009815703783	-0.358435815812389	20.20183637	24.25	849	0.833065417319588	-0.263498305734804	4.59991284218713	hypoxia_G3
MSMEG_4625	1.00484599319532	0.0069744050071988	15.9817242	16.49	312	0.969176725288053	-0.045168335903603	4.04351949366274	hypoxia_G3
MSMEG_4630	1.33831397524273	0.420416619258072	20.00877262	24.04	2619	0.832311673044925	-0.264804224025258	4.58736499093646	hypoxia_G3
MSMEG_4672	0.89231359587867	-0.164377272959747	16.03088714	23.7	657	0.676408740084388	-0.564032793514778	4.5668151540109	hypoxia_G3
MSMEG_4692	1.25820573975705	0.331367848654516	23.30521078	24.05	474	0.969031633264033	-0.0453843328504678	4.58796498888268	hypoxia_G3
MSMEG_4695	1.15571055754823	0.208780126665942	52.42484591	45.35	396	1.15600542249173	0.209148165125427	5.50303064564116	hypoxia_G3
MSMEG_4704	1.31227450013678	0.392069532885607	47.36909487	51.93	1527	0.912172056036973	-0.132622120300537	5.69849632031307	hypoxia_G3
MSMEG_4705	0.714685578245907	-0.484619418693287	13.70015181	18.56	1467	0.738154731142241	-0.438004830832916	4.21412480535285	hypoxia_G3
MSMEG_4745	0.791452199463968	-0.337425874883397	11.79080353	12.92	1203	0.912600892414861	-0.131944030319374	3.6915341649192	hypoxia_G3
MSMEG_4756	0.71319473134791	-0.487632049645036	26.09707642	26.37	393	0.989650224497535	-0.0150093763082603	4.72082566608984	hypoxia_G3
MSMEG_4767	1.07377688120047	0.102694248606275	12.01710543	21.66	1272	0.554806344875346	-0.849943808185012	4.4369613378336	hypoxia_G3
MSMEG_4779	1.19193002498329	0.253299541527539	23.8395235	26.69	606	0.893200580741851	-0.162943905714083	4.73822740036724	hypoxia_G3
MSMEG_4890	0.928454576480516	-0.107096765113653	32.8638961	33.02	534	0.995272443973349	-0.00683659459037636	5.04526821513853	hypoxia_G3
MSMEG_4891	0.772502611623109	-0.372388284499037	28.77387022	32.59	588	0.882904885547714	-0.179670068723375	5.02635744696384	hypoxia_G3
MSMEG_4898	0.778343750366554	-0.361520642218853	12.50777041	12.49	375	1.00142277101681	0.00205116586636924	3.64270157183323	hypoxia_G3
MSMEG_4900	0.938137858722506	-0.0921281535098748	13.66751011	13.75	345	0.994000735272727	-0.00868117592281398	3.78135971352466	hypoxia_G3
MSMEG_4904	1.02835629073895	0.0403401962699387	25.7266027	21.52	660	1.19547410315985	0.257582878148645	4.4276061727819	hypoxia_G3
MSMEG_4910	0.984594533381296	-0.022398365354788	13.15500987	13.14	303	1.00114230365297	0.00164705527569287	3.7158933705476	hypoxia_G3
MSMEG_4919	0.968766365214702	-0.0457793181915277	20.0332082	17.87	384	1.12105250139899	0.164853844364856	4.15946772926677	hypoxia_G3
MSMEG_4932	0.810531053773515	-0.303060634293453	12.196998	17.96	1257	0.679120155902004	-0.558261243557419	4.16671544496642	hypoxia_G3
MSMEG_4937	1.05551579848544	0.077948172456767	56.91140279	87.47	924	0.650639108151366	-0.620070553417725	6.45071638871807	hypoxia_G3
MSMEG_4942	1.09694592719682	0.133492411349408	14.50098959	19.83	759	0.731265233988906	-0.451533320232069	4.30961277245412	hypoxia_G3
MSMEG_4943	1.14093864686706	0.190221213852296	10.79598506	10.58	447	1.02041446691871	0.0291552579965097	3.4032677223393	hypoxia_G3
MSMEG_5002	1.21912975688006	0.28585168596208	56.16887772	81.64	2634	0.688006831455169	-0.539505204876321	6.35120427725799	hypoxia_G3
MSMEG_5004	1.17300266491898	0.230206290997302	25.22048994	29.16	1155	0.864900203703704	-0.209394417545794	4.86591881455221	hypoxia_G3
MSMEG_5005	1.11011167161678	0.150704811696228	16.8453215	17.86	561	0.94318709406495	-0.084384117298993	4.1586601753465	hypoxia_G3
MSMEG_5007	0.800290936606517	-0.321403524267785	18.54269972	19.41	582	0.955316832560536	-0.0659488099508354	4.27872821293894	hypoxia_G3
MSMEG_5037	0.757306925779153	-0.401049972276047	32.37425809	29.55	1368	1.09557556988156	0.131689001017477	4.88508622529017	hypoxia_G3
MSMEG_5042	1.30280986270121	0.38162654656603	15.41613138	17.16	1746	0.898375954545454	-0.154608781042743	4.10097764772482	hypoxia_G3
MSMEG_5048	0.747631956784759	-0.419599857921001	27.63749237	26.78	762	1.0320198793876	0.0454707610883802	4.74308405554959	hypoxia_G3
MSMEG_5058	1.39484512287576	0.480104940790292	44.02461677	59.13	1221	0.744539434635549	-0.425579831511191	5.88581837198992	hypoxia_G3
MSMEG_5060	1.11766402882824	0.160486577458935	29.32732109	29.07	918	1.0088517746818	0.0127142223727006	4.86145916636151	hypoxia_G3
MSMEG_5061	1.21895022877499	0.285639220162045	15.72534945	18.63	1398	0.844087463768116	-0.244535597131719	4.21955576916691	hypoxia_G3
MSMEG_5063	0.774822448945142	-0.368062341110561	20.1445203	18.43	450	1.09302877373847	0.128331380134612	4.20398416585599	hypoxia_G3
MSMEG_5069	1.24031072362239	0.310701590993405	35.57825346	36.05	399	0.986914104299584	-0.0190035691657599	5.17192735435346	hypoxia_G3
MSMEG_5071	1.03410436892592	0.0483817997081554	22.64512773	23.77	399	0.952676808161548	-0.0699412263379903	4.57106999816771	hypoxia_G3
MSMEG_5072	0.82562449410279	-0.276442322531676	17.15287955	16.68	774	1.02835009292566	0.0403315012470923	4.06004738366994	hypoxia_G3
MSMEG_5073	1.01453932441279	0.0208247862732652	16.6450897	14.55	633	1.14399241924399	0.194077492015477	3.86294724802092	hypoxia_G3
MSMEG_5078	1.13326415273759	0.180484178392966	18.05670782	31.77	1215	0.568357186654076	-0.815130211890368	4.98959318493877	hypoxia_G3
MSMEG_5083	1.17116101240678	0.227939432655693	39.36053899	34.81	384	1.13072504998564	0.177248162532122	5.12142990894896	hypoxia_G3
MSMEG_5087	1.17842170058207	0.236855902894642	33.37559572	27.38	558	1.21897719941563	0.285671141054406	4.77505054148317	hypoxia_G3
MSMEG_5109	0.96398146419128	-0.0529226888640922	13.32741004	14.35	840	0.928739375609756	-0.106654292969952	3.84297883178833	hypoxia_G3
MSMEG_5117	1.35087124896309	0.433890178487443	55.30550896	54.86	954	1.00812083412322	0.0116685717172498	5.77768271707355	hypoxia_G3
MSMEG_5122	0.974043949430623	-0.0379412258701565	21.20161591	21.25	324	0.997723101647059	-0.00328861530615792	4.4093909361377	hypoxia_G3
MSMEG_5136	0.764489880666376	-0.387430689716009	10.26240001	10.46	453	0.981108987571702	-0.0275146861742126	3.38681094647222	hypoxia_G3
MSMEG_5151	0.728276436483246	-0.457441927644937	13.93818645	21.36	609	0.652536818820225	-0.615868788100252	4.41683974191283	hypoxia_G3
MSMEG_5174	0.969617318313986	-0.0445126279014014	20.12601423	21.97	366	0.916068012289486	-0.126473381553967	4.45746296464855	hypoxia_G3
MSMEG_5216	1.08629158015023	0.119411400357007	21.65825485	24.07	408	0.899802860407146	-0.152319141741636	4.58916423669977	hypoxia_G3
MSMEG_5217	0.964520608592742	-0.0521160306960208	14.69559595	14.67	339	1.00174478186776	0.00251499472691768	3.87479696589867	hypoxia_G3
MSMEG_5224	0.804203574113213	-0.314367346980935	14.31996302	13.84	945	1.03467940895954	0.0491838240038236	3.790772037862	hypoxia_G3
MSMEG_5230	0.87936169295564	-0.185471408125585	17.26909713	17.6	336	0.981198700568182	-0.0273827715962926	4.13750352374993	hypoxia_G3
MSMEG_5243	1.28049506031172	0.356701687548794	28.81557599	24.87	444	1.15864800924809	0.212442350261444	4.63633460244218	hypoxia_G3
MSMEG_5244	1.07362829994158	0.102494605383294	29.35834817	33.67	636	0.871943812592813	-0.197692923079448	5.07339181605292	hypoxia_G3
MSMEG_5245	0.962974488567326	-0.0544305166575977	20.2878684	24.43	843	0.830448972574703	-0.268036571221203	4.61058195849253	hypoxia_G3
MSMEG_5246	0.892265800677255	-0.164454550440601	20.66865905	17.1	990	1.20869351169591	0.273448466909563	4.09592441999854	hypoxia_G3
MSMEG_5248	0.772271780558318	-0.372819439801225	15.51113378	16.17	828	0.959253789734075	-0.0600155353775042	4.01524777369894	hypoxia_G3
MSMEG_5257	1.25405122686333	0.326596282136913	22.42401592	20.17	771	1.11175091323748	0.152833589778375	4.33413917883824	hypoxia_G3
MSMEG_5265	1.12806689174402	0.173852618734997	19.05584851	24.31	1155	0.783868716988893	-0.351316044129458	4.603477988254	hypoxia_G3
MSMEG_5272	1.03960675702132	0.0560379158845345	16.89356294	23.39	954	0.722255790508764	-0.469418229597242	4.5478199565777	hypoxia_G3
MSMEG_5273	0.847816789859066	-0.238175557597253	44.36421287	38.7	1218	1.14636208966408	0.197062805398348	5.27426166125705	hypoxia_G3
MSMEG_5292	1.00863411032141	0.0124029207701719	16.25186982	16.26	306	0.999499988929889	-0.000721543896242832	4.0232553523003	hypoxia_G3
MSMEG_5298	1.01145238410881	0.0164284041008097	11.83669625	11.88	315	0.996354903198653	-0.00526837078355055	3.57046293102604	hypoxia_G3
MSMEG_5342	1.02090754713958	0.0298522224130406	35.09862926	35.17	330	0.997970692635769	-0.00293064626858624	5.13627342985058	hypoxia_G3
MSMEG_5343	0.963497304656757	-0.0536474642395046	33.24979281	33.71	348	0.986348051320083	-0.0198312765704561	5.07510472220949	hypoxia_G3
MSMEG_5362	1.3799313727306	0.464596520131592	27.00828497	24.03	765	1.12394028173117	0.168565382943987	4.58676474335514	hypoxia_G3
MSMEG_5363	1.07141570359237	0.099518346707625	24.54584656	25.51	375	0.962204882791062	-0.0555839743691424	4.67299099382775	hypoxia_G3
MSMEG_5390	1.02814834152643	0.0400484319879889	26.24072119	26.82	402	0.978401237509321	-0.0315018662597653	4.74523733212975	hypoxia_G3
MSMEG_5428	1.07447587687434	0.103633093091958	30.35994311	31.41	348	0.966569344476281	-0.0490548556290469	4.97315203787724	hypoxia_G3
MSMEG_5448	1.07766138305145	0.107903933438648	14.5609417	18.35	1209	0.793511809264305	-0.333676401076718	4.19770815795585	hypoxia_G3
MSMEG_5479	0.893747575445324	-0.162060671840724	13.58496108	13.64	321	0.99596488856305	-0.00583321202055792	3.76977173924945	hypoxia_G3
MSMEG_5486	1.12422352000196	0.168928903120331	33.59428594	28.35	1335	1.18498363104056	0.244867130364286	4.82527683005487	hypoxia_G3
MSMEG_5488	1.16493567385869	0.220250293448436	14.11680918	15.8	687	0.893468935443038	-0.162510525062534	3.98185265328974	hypoxia_G3
MSMEG_5553	1.16025794742758	0.214445579581009	10.14002677	16.46	1851	0.616040508505468	-0.698902874651494	4.0408924306469	hypoxia_G3
MSMEG_5634	0.921023154366612	-0.118690669005074	18.42379713	18.42	444	1.00020614169381	0.00029736895036504	4.20320115631661	hypoxia_G3
MSMEG_5662	0.860548472325425	-0.216671637294783	17.77217987	20.11	711	0.883748377424167	-0.178292433773537	4.32984117653063	hypoxia_G3
MSMEG_5663	1.02867432492134	0.0407863017755526	19.00500522	29.14	1341	0.652196472889499	-0.6166214559454	4.86492897228979	hypoxia_G3
MSMEG_5664	0.936127780524106	-0.0952226251789026	25.00366045	25.54	363	0.979000017619421	-0.0306192090936827	4.674686619928	hypoxia_G3
MSMEG_5672	0.721507217142045	-0.470914269009473	17.61247789	19.29	1305	0.913036697252463	-0.131255247952594	4.26978123827438	hypoxia_G3
MSMEG_5694	1.28997669867187	0.367345005947635	36.39881294	44.89	489	0.810844574292716	-0.302502695101479	5.48832219114082	hypoxia_G3
MSMEG_5702	1.23363103382393	0.302910963962154	26.86838124	31.22	498	0.860614389493914	-0.216561132502651	4.96439863220318	hypoxia_G3
MSMEG_5733	0.727603062268003	-0.458776480004662	14.31651537	17.78	879	0.805203339145107	-0.312574939818749	4.15218341905505	hypoxia_G3
MSMEG_5741	1.11961584987343	0.163003815721156	10.91672636	12.11	636	0.901463778695293	-0.149658570336239	3.5981269599196	hypoxia_G3
MSMEG_5766	0.969712074089677	-0.0443716475312495	18.34139786	17.96	372	1.0212359610245	0.0303162457153407	4.16671544496642	hypoxia_G3
MSMEG_5770	0.797327118003186	-0.326756357248178	27.17435655	31.5	459	0.862677985714286	-0.213105953916158	4.97727992349992	hypoxia_G3
MSMEG_5779	1.03453973676184	0.0489890603049819	28.32307012	33.42	777	0.8474886331538	-0.238734076493976	5.06263982828646	hypoxia_G3
MSMEG_5798	0.861184017989622	-0.215606548931989	11.94918903	12.07	1083	0.989990806130903	-0.0145129676859663	3.5933537709803	hypoxia_G3
MSMEG_5817	0.782774370755605	-0.353331574217863	22.07505519	22.98	387	0.960620330287206	-0.0579617532138059	4.52230689287139	hypoxia_G3
MSMEG_5824	0.707403882502496	-0.499393957765797	18.56099349	28.35	2298	0.654708765079365	-0.61107480138649	4.82527683005487	hypoxia_G3
MSMEG_5831	0.849370512836317	-0.235534070641939	14.10099787	19.98	675	0.705755649149149	-0.50275932326079	4.32048467801769	hypoxia_G3
MSMEG_5888	0.986524568341285	-0.0195731147111837	9.814092211	9.82	333	0.99939839215886	-0.000868197832478741	3.29572302453997	hypoxia_G3
MSMEG_5889	0.982673289083233	-0.0252162536674021	17.90163776	19.42	390	0.921814508753862	-0.117451619963376	4.27947129564447	hypoxia_G3
MSMEG_5903	1.3491776752122	0.43208035145036	47.97026708	47.31	951	1.01395618431621	0.0199953110833776	5.56407325573694	hypoxia_G3
MSMEG_6008	1.11634342470439	0.158780916862895	29.14826664	48.36	1149	0.602735042183623	-0.730404151357816	5.5957423394744	hypoxia_G3
MSMEG_6073	1.08622681593454	0.119325384963072	20.19871165	39.07	945	0.516987756590735	-0.951797980140159	5.28798935040895	hypoxia_G3
MSMEG_6078	0.887285232886133	-0.172530137011809	20.86113252	18.69	561	1.11616546388443	0.158550912678559	4.22419466397043	hypoxia_G3
MSMEG_6081	0.847506103650693	-0.238704336461535	13.13264962	16.82	789	0.780775839476813	-0.357019684412641	4.07210580048042	hypoxia_G3
MSMEG_6082	1.22727885741574	0.295463089670852	49.13062402	45.61	621	1.0771897395308	0.107272393030086	5.51127826508303	hypoxia_G3
MSMEG_6091	1.03035293462827	0.0431385993714616	15.19306138	31.51	2547	0.482166340209457	-1.05239715424941	4.97773784924282	hypoxia_G3
MSMEG_6092	0.865992040620142	-0.207574329762867	15.50965278	16.04	345	0.966935958852868	-0.0485077531737831	4.0036022366802	hypoxia_G3
MSMEG_6104	0.885139294803397	-0.176023584201702	51.13675627	109.7	612	0.466150923154056	-1.10113097083508	6.77741971551583	hypoxia_G3
MSMEG_6110	0.762507043110973	-0.391177431404024	20.54439564	17.96	576	1.14389730734967	0.193957540903543	4.16671544496642	hypoxia_G3
MSMEG_6127	0.959436374890122	-0.0597409577465557	15.17547497	15.37	360	0.987343849707222	-0.0183754936126358	3.94204525991605	hypoxia_G3
MSMEG_6129	1.27079256705245	0.345728556772534	14.92647702	14.35	447	1.04017261463415	0.0568229606860581	3.84297883178833	hypoxia_G3
MSMEG_6158	1.38018826748179	0.46486507427631	21.97410619	19.85	594	1.10700786851385	0.146665476704444	4.3110671022556	hypoxia_G3
MSMEG_6182	0.993096756837414	-0.00999380935005471	11.63558602	14.08	510	0.826391052556818	-0.275103460846282	3.81557542886257	hypoxia_G3
MSMEG_6189	0.792194558293655	-0.336073303705069	11.80037173	15.52	675	0.760333230025773	-0.395296250092125	3.9560566524124	hypoxia_G3
MSMEG_6212	0.744519352660209	-0.425618744905993	17.13037864	17.15	585	0.998855897376093	-0.00165153612543962	4.10013667128545	hypoxia_G3
MSMEG_6253	0.761597875049469	-0.392898641530202	12.70492898	13.47	465	0.943201854491462	-0.0843615399888916	3.75167794568758	hypoxia_G3
MSMEG_6275	1.00682479374392	0.0098126493935839	17.93050717	15.76	1014	1.13772253616751	0.186148761069317	3.97819562968165	hypoxia_G3
MSMEG_6281	0.816902197809052	-0.291764730325378	11.08652987	12.9	786	0.859420920155039	-0.218563199045483	3.68929916053589	hypoxia_G3
MSMEG_6282	1.04554147182625	0.0642502881459846	15.92086422	17.19	438	0.926170111692845	-0.110650894106025	4.10349763970334	hypoxia_G3
MSMEG_6292	1.28718661594979	0.364221230239211	23.02641815	24.33	474	0.946420803534731	-0.0794463085865385	4.6046644151637	hypoxia_G3
MSMEG_6329	1.27806067397431	0.353956327649578	25.84932097	21.23	603	1.21758459585492	0.284022011963055	4.40803246613065	hypoxia_G3
MSMEG_6351	1.01700134675754	0.0243215896763777	9.881862776	16.12	1086	0.613018782630273	-0.705996816742242	4.01077983875324	hypoxia_G3
MSMEG_6352	1.33073124996141	0.412219238795231	15.71191983	18.67	474	0.84155971237279	-0.248862454125024	4.22265002245148	hypoxia_G3
MSMEG_6354	1.19360344504522	0.255323604699155	23.08588226	29.29	720	0.788183074769546	-0.343397325122618	4.87233628810464	hypoxia_G3
MSMEG_6395	0.940422220931357	-0.0886194665209226	19.98925503	19.02	474	1.0509597807571	0.0717074597734186	4.24944534108584	hypoxia_G3
MSMEG_6399	1.20849544797035	0.273212038926443	8.640754782	11.55	1014	0.748117297142857	-0.418663607208514	3.5298209465287	hypoxia_G3
MSMEG_6406	1.2606965065863	0.334221010684907	13.15116534	17.76	1611	0.740493543918919	-0.433440937626801	4.15055967657538	hypoxia_G3
MSMEG_6409	1.03272790061248	0.046460188232849	12.26763334	15.88	792	0.772520991183879	-0.372353959973341	3.98913900736823	hypoxia_G3
MSMEG_6414	1.1587813854325	0.212608414574325	7.801234844	15.48	1452	0.503955739276486	-0.988631062611199	3.95233356636969	hypoxia_G3
MSMEG_6425	0.960681625753062	-0.0578697003593644	19.25790557	19.59	342	0.983047757529352	-0.0246665889246336	4.29204549249286	hypoxia_G3
MSMEG_6428	0.875998985122043	-0.190998896476717	33.20221946	30.13	534	1.10196546498506	0.140079011317876	4.91312876781974	hypoxia_G3
MSMEG_6431	0.724096715189046	-0.465745688732354	19.71907717	17.53	429	1.12487605077011	0.169766040739205	4.13175409098481	hypoxia_G3
MSMEG_6432	0.81858202636564	-0.288801105064383	18.11618842	19.56	462	0.92618550204499	-0.110626920756034	4.28983446517751	hypoxia_G3
MSMEG_6477	0.747008068681428	-0.420804268761986	22.93870269	21.59	516	1.06246886012043	0.0874205579485166	4.43229133824778	hypoxia_G3
MSMEG_6512	0.735474714062333	-0.443252353031956	26.37070239	36.25	1110	0.727467652137931	-0.459044996883975	5.17990909001493	hypoxia_G3
MSMEG_6541	1.0622914930698	0.0871796963712919	16.37079607	17.21	351	0.951237424171993	-0.0721226192852455	4.10517519226548	hypoxia_G3
MSMEG_6559	0.97643041963089	-0.0344108534686133	13.69353217	13.65	306	1.00318916996337	0.00459367856710688	3.77082904603249	hypoxia_G3
MSMEG_6571	0.928371989247461	-0.107225100407693	16.58692821	13.68	543	1.21249475219298	0.277978503174781	3.77399632511117	hypoxia_G3
MSMEG_6630	0.952290717301696	-0.0705260251537417	25.5225219	25.25	351	1.01079294653465	0.0154875020872714	4.65821148275179	hypoxia_G3
MSMEG_6663	0.743063231092264	-0.428443112519448	34.54267265	27.5	744	1.25609718727273	0.32894809334738	4.78135971352466	hypoxia_G3
MSMEG_6678	1.2284065268998	0.296788082927045	28.53225945	28.6	486	0.997631449300699	-0.00342114953232735	4.83794324189103	hypoxia_G3
MSMEG_6739	0.730628395829717	-0.452790269839739	11.20450064	15.29	447	0.732799257030739	-0.448510054168952	3.93451650158608	hypoxia_G3
MSMEG_6756	0.817342029786185	-0.29098817145267	17.99144191	25.41	1518	0.708045726485636	-0.49808556050589	4.66732447027863	hypoxia_G3
MSMEG_6758	1.28668390895408	0.363657679825991	25.62317012	24.01	816	1.06718742690546	0.0938135745886586	4.58556349845569	hypoxia_G3
MSMEG_6759	0.879089464125815	-0.185918100300494	56.04315154	83.6	1518	0.670372626076555	-0.576964855500908	6.38543103719352	hypoxia_G3
MSMEG_6815	1.28328931922693	0.359846464549782	15.242786	15.23	786	1.00083952724885	0.00121067367291731	3.92884403671257	hypoxia_G3
MSMEG_6920	1.09815192461966	0.135077658836103	19.95631186	20.41	369	0.977771281724645	-0.032431062543849	4.35120427725799	hypoxia_G3
MSMEG_6921	0.731822620014662	-0.450434086044701	10.89215944	12.08	606	0.90166882781457	-0.149330448768557	3.59454854955035	hypoxia_G3
MSMEG_6933	0.823475176626153	-0.280202933822339	24.5753737	29.23	936	0.840758593910366	-0.250236474387362	4.86937792403133	hypoxia_G3
MSMEG_6934	0.995259181450146	-0.0068558193805892	44.22780641	44.24	333	0.999724376356239	-0.000397695673689593	5.46727948045998	hypoxia_G3
MSMEG_6935	1.10375447966884	0.142419293169695	16.32689083	16.88	1191	0.967232869075829	-0.0480648229564875	4.07724299893246	hypoxia_G3
VBIMycSme59918_1007	0.827997831809105	-0.272301104991683	16.60197878	17.5	363	0.948684501714286	-0.0759997162711441	4.12928301694497	hypoxia_G3
VBIMycSme59918_1027	0.837438651624574	-0.255944588296815	9.639809809	20.06	1671	0.480548843918245	-1.05724501810829	4.32624970083746	hypoxia_G3
VBIMycSme59918_2265	0.807571261607095	-0.308338523339613	15.86866653	16.34	363	0.971154622399021	-0.0422270822407815	4.03033607837096	hypoxia_G3
VBIMycSme59918_2285	0.821390733745112	-0.283859422777821	8.903052972	19.71	1689	0.451702332420091	-1.14655573156088	4.30085587126876	hypoxia_G3
VBIMycSme59918_3265	1.20969421224797	0.274642407642867	25.00309723	21.97	573	1.1380563145198	0.18657194838992	4.45746296464855	hypoxia_G3
VBIMycSme59918_3280	0.904701516658891	-0.144486204862067	31.26129467	28.67	420	1.09038349040809	0.124835623449185	4.8414699994658	hypoxia_G3
VBIMycSme59918_3690	1.11426599260053	0.156093667506456	39.06662443	52.18	1155	0.748689621119203	-0.417560339989983	5.70542503904273	hypoxia_G3
ORF24	1.31925168695775	0.399719828339841	57.42171334	69	732	0.832198744057971	-0.264999983797053	6.10852445677817	hypoxia_G3
ORF32	0.824613815738449	-0.278209462268741	13.96115194	14.08	438	0.991559086647727	-0.0122293501954394	3.81557542886257	hypoxia_G3
