MSMEG_0001	-2.65	-3.3	-2.7333	-1.55
MSMEG_0005	-2.55	-4.6	-1.0	0.0
MSMEG_0007	-2.5407	-2.8	-2.85	-1.8625
MSMEG_0016	-1.8667	-2.0667	-2.4	-0.2
MSMEG_0020	-2.8875	-2.7333	-1.7	-4.9
MSMEG_0021	-4.325	-5.05	-3.6	-1.5
MSMEG_0026	-0.7333	-1.1	0.0	0.0
MSMEG_0027	-1.3	-1.7	-1.1	0.0
MSMEG_0028	-3.7316	-4.1857	-4.0	-2.72
MSMEG_0030	-2.65	-2.52	-2.16	-3.425
MSMEG_0032	-4.0652	-6.2125	-3.8125	-1.9
MSMEG_0033	-1.92	-0.75	-3.1	-1.9
MSMEG_0034	-2.5333	-2.15	-3.3	-3.3
MSMEG_0036	-2.4148	-2.41	-1.6778	-3.25
MSMEG_0044	-2.3857	-2.4333	-3.1333	0.0
MSMEG_0046	-2.8	-3.2	-3.8	0.0
MSMEG_0047	-1.3333	-1.0	-2.0	-2.0
MSMEG_0049	-3.3921	-3.5	-3.2538	-3.425
MSMEG_0050	-2.8625	-2.7	-3.2727	-2.59
MSMEG_0051	-3.75	-7.5	0.0	0.0
MSMEG_0052	-1.725	-3.4	-0.1	0.0
MSMEG_0053	-0.4	-0.8	0.0	0.0
MSMEG_0056	-3.44	-5.0	-3.6	0.0
MSMEG_0060	-2.3778	-3.1667	-2.475	-1.0
MSMEG_0069	-1.52	-2.85	-0.85	-0.2
MSMEG_0070	-1.5591	-2.3	-1.02	-1.3429
MSMEG_0076	-2.27	-1.65	-1.8667	-3.5
MSMEG_0078	-1.925	-1.2667	-2.2667	-2.4
MSMEG_0079	-3.087	-2.975	-2.5625	-3.8143
MSMEG_0083	-3.0333	-4.1667	-2.85	0.0
MSMEG_0087	-1.9	0.0	-3.8	-3.8
MSMEG_0095	-3.2	-6.4	0.0	0.0
MSMEG_0096	-1.35	0.0	-2.7	-2.7
MSMEG_0109	-2.1571	-1.7429	-2.4	-2.3167
MSMEG_0130	-2.48	-2.65	-3.55	0.0
MSMEG_0131	-0.6667	-0.5	-1.5	0.0
MSMEG_0132	-2.7182	-4.65	-1.425	-1.8667
MSMEG_0133	-1.85	-1.5	-2.2	0.0
MSMEG_0140	-2.4875	-3.9333	-2.7	0.0
MSMEG_0142	-2.3111	-3.675	-1.7667	-0.4
MSMEG_0143	-2.3462	-1.4111	-2.3333	-3.4125
MSMEG_0145	-2.4833	-1.775	-3.4889	-2.0
MSMEG_0152	-2.1333	-3.5667	-0.1	-1.9
MSMEG_0153	-1.1	-0.9	-1.95	0.0
MSMEG_0155	-1.5	-3.0	0.0	0.0
MSMEG_0167	-1.56	-1.025	-0.1667	-3.6667
MSMEG_0168	-3.7	-2.5	-5.4	-2.2
MSMEG_0173	-2.45	-1.8667	-2.9455	-2.5909
MSMEG_0174	-2.2029	-2.875	-2.8333	-0.7818
MSMEG_0186	0.0	0.0	0.0	0.0
MSMEG_0191	-2.5625	-3.5333	-2.5	-1.2
MSMEG_0194	-0.95	-1.9	0.0	0.0
MSMEG_0195	-2.875	-3.38	-2.36	-2.8857
MSMEG_0203	-2.7333	-3.1667	-2.95	-1.65
MSMEG_0208	-1.35	-2.2	-0.5	-0.5
MSMEG_0210	-2.7294	-3.0	-3.0182	-2.1455
MSMEG_0222	0.0	0.0	0.0	0.0
MSMEG_0226	-3.0083	-3.56	-2.8	-2.3667
MSMEG_0227	-3.15	-2.2	-4.7	-2.9
MSMEG_0240	-3.3933	-3.8167	-2.46	-3.925
MSMEG_0241	-1.2	-0.4	-2.6	0.0
MSMEG_0242	-2.7474	-2.7143	-3.1857	-2.18
MSMEG_0243	-2.85	-4.0	-2.35	-0.4
MSMEG_0245	-2.875	-3.18	-3.2	-1.9333
MSMEG_0250	-2.5705	-2.6067	-3.2467	-1.8071
MSMEG_0253	-2.625	-1.5667	-3.8667	-2.35
MSMEG_0255	-2.05	-2.6	-1.5	-3.0
MSMEG_0264	-3.2706	-3.45	-4.8	-1.22
MSMEG_0270	-4.29	-6.05	-3.9	-2.3333
MSMEG_0282	-2.76	-6.9	0.0	0.0
MSMEG_0285	-1.8333	-2.5	-0.5	-0.5
MSMEG_0290	-3.1846	-5.84	-1.84	-1.0
MSMEG_0299	-3.3	-4.65	-1.95	-0.2
MSMEG_0300	-2.8455	-0.775	-5.275	-2.3667
MSMEG_0309	-3.6	-3.6	-3.6	-3.6
MSMEG_0314	-0.6167	-0.2333	-0.45	-2.1
MSMEG_0317	-0.625	-0.6	-1.3	0.0
MSMEG_0321	-7.35	-3.0	-11.7	-11.7
MSMEG_0341	-2.11	-3.225	-2.05	0.0
MSMEG_0348	-1.2615	-1.6	-0.725	-1.375
MSMEG_0359	-2.4875	-3.5	-1.72	-2.04
MSMEG_0366	-0.85	-1.5	-0.2	-0.2
MSMEG_0376	-5.2	-10.4	0.0	0.0
MSMEG_0380	-3.375	-3.1	-5.9	0.0
MSMEG_0381	-2.58	-3.25	-3.2	0.0
MSMEG_0382	-2.8	-2.3	-3.4214	-2.6692
MSMEG_0383	-1.7	-2.075	-2.175	0.0
MSMEG_0384	-0.9333	-0.9667	-1.35	0.0
MSMEG_0387	-1.325	-1.54	-1.25	-1.0667
MSMEG_0388	-1.47	-2.2	-1.7333	-0.2333
MSMEG_0392	-2.3154	-3.0	-1.2	-2.575
MSMEG_0398	-1.7	-1.075	-3.025	-0.7667
MSMEG_0399	-3.0667	-3.8667	-2.0	-2.8
MSMEG_0402	-1.8586	-1.42	-1.7	-2.5222
MSMEG_0406	-2.8333	-3.6667	-2.45	-1.1
MSMEG_0408	-1.8667	-2.2667	-2.2	0.0
MSMEG_0409	-6.25	-10.4	-4.2	0.0
MSMEG_0410	-2.7447	-3.1062	-2.025	-3.1267
MSMEG_0411	-1.625	-1.6	-3.3	0.0
MSMEG_0419	-3.2103	-3.3	-2.27	-4.1556
MSMEG_0422	-0.75	-0.8	-0.7	-0.7
MSMEG_0428	-2.4762	-3.5	-1.1857	-2.6167
MSMEG_0429	-1.7286	-0.0333	-1.5	-4.5
MSMEG_0433	-3.0038	-2.4	-4.2778	-2.25
MSMEG_0447	-4.25	-7.0	-1.5	-1.5
MSMEG_0449	0.0	0.0	0.0	0.0
MSMEG_0450	-3.18	-2.95	-3.6091	-2.9111
MSMEG_0455	-2.9	-4.575	-3.4	0.0
MSMEG_0462	-4.4333	-4.25	-4.8	-4.8
MSMEG_0473	-2.68	-2.88	-3.38	-1.78
MSMEG_0484	-3.363	-2.36	-4.1667	-3.7125
MSMEG_0493	-1.85	-3.7	0.0	0.0
MSMEG_0494	-1.0	-2.0	0.0	0.0
MSMEG_0499	-6.3333	-7.95	-3.1	-3.1
MSMEG_0500	-3.5167	-4.0333	-4.5	0.0
MSMEG_0504	-1.05	-1.4	-0.7	0.0
MSMEG_0520	-2.55	-1.8	-6.6	0.0
MSMEG_0530	-2.75	-0.85	-4.9333	0.0
MSMEG_0531	-2.3211	-2.5857	-3.3286	-0.54
MSMEG_0537	-3.5941	-2.7333	-2.9167	-5.44
MSMEG_0539	-0.85	-0.3	-1.4	-1.4
MSMEG_0545	-0.6667	-1.0	0.0	0.0
MSMEG_0549	-4.24	-5.0286	-3.2429	-4.4833
MSMEG_0557	-2.4417	-1.75	-1.62	-4.7333
MSMEG_0559	-1.85	-2.7	-1.0	-1.0
MSMEG_0560	-2.575	-3.45	-3.4	0.0
MSMEG_0566	-4.225	-6.15	-2.3	-0.6
MSMEG_0572	-2.8	-5.45	-0.15	0.0
MSMEG_0574	-3.2514	-3.4231	-2.45	-3.8667
MSMEG_0575	-2.05	-0.1	-3.4667	-2.85
MSMEG_0583	-4.2	-4.75	-4.2333	-3.05
MSMEG_0586	-1.2889	-1.1	-0.9	-2.25
MSMEG_0596	-0.92	-0.2	-2.1	0.0
MSMEG_0600	-1.8	-2.2667	-1.5333	-1.5
MSMEG_0602	-2.5714	-2.26	-3.44	-1.875
MSMEG_0603	-2.2	-4.4	-2.2	0.0
MSMEG_0605	-2.2727	-2.225	-2.625	-1.8667
MSMEG_0606	-0.5	-1.0	0.0	0.0
MSMEG_0608	-2.3333	-4.2	-1.4	-1.8
MSMEG_0615	-3.5333	-4.175	-2.5667	-3.7
MSMEG_0623	-3.2444	-3.6714	-3.6333	-2.18
MSMEG_0641	-2.0077	-1.82	-2.7	-1.55
MSMEG_0661	-1.58	-0.85	-0.85	-4.5
MSMEG_0662	-3.9529	-4.3	-3.4	-4.2
MSMEG_0663	-2.1	-3.0	-1.2	-1.2
MSMEG_0667	-2.9333	-2.0333	-4.3	-2.9
MSMEG_0671	-1.5	-3.0	0.0	0.0
MSMEG_0673	-2.8	-3.3	-2.9667	-0.8
MSMEG_0674	0.0	0.0	0.0	0.0
MSMEG_0679	-1.5562	-1.9833	-1.32	-1.28
MSMEG_0689	-1.92	-0.45	-4.35	0.0
MSMEG_0690	-2.56	-3.85	-0.6	-3.9
MSMEG_0698	-0.4	-0.8	0.0	0.0
MSMEG_0700	-3.017	-3.1375	-2.9187	-2.9933
MSMEG_0703	-3.4348	-4.275	-3.3	-2.6286
MSMEG_0709	-2.0778	-2.325	-2.7333	-0.6
MSMEG_0716	-1.9465	-2.74	-1.8429	-1.2
MSMEG_0722	-1.6643	-1.68	-1.68	-1.625
MSMEG_0728	-1.5	-1.8	-1.96	-0.475
MSMEG_0732	0.0	0.0	0.0	0.0
MSMEG_0739	-4.2086	-4.3083	-4.575	-3.7
MSMEG_0740	-3.9895	-4.3286	-3.9833	-3.6
MSMEG_0752	-2.925	-3.6	-3.0	-1.8
MSMEG_0758	-1.8364	-2.6	-1.525	-1.2333
MSMEG_0759	-2.7	-2.5	-2.9	-2.9
MSMEG_0764	-3.4286	-5.8	-3.58	-0.275
MSMEG_0781	-1.6143	-1.4333	-0.3	-3.2
MSMEG_0787	-3.087	-2.675	-3.24	-3.3733
MSMEG_0788	-0.7333	-1.1	0.0	0.0
MSMEG_0791	-3.6375	-5.0333	-3.0667	-2.4
MSMEG_0796	-3.645	-4.25	-3.6857	-2.8917
MSMEG_0798	-2.0	-4.0	0.0	0.0
MSMEG_0799	-1.3769	-1.26	-2.1	-0.8
MSMEG_0801	-2.7333	-3.1667	-2.95	-1.65
MSMEG_0806	-3.0026	-2.8846	-3.9	-2.1583
MSMEG_0807	-3.3364	-5.225	-1.05	-3.8667
MSMEG_0814	-3.2222	-5.375	-2.1667	-0.5
MSMEG_0826	-3.8286	-4.94	-3.22	-3.2
MSMEG_0828	-4.55	-6.65	-4.65	-2.35
MSMEG_0833	-0.3667	-0.1	-0.9	-0.9
MSMEG_0839	-3.8	-3.4	-3.6	-5.0
MSMEG_0840	-1.6312	-1.5667	-1.04	-2.3
MSMEG_0844	-2.4379	-3.45	-1.33	-2.5444
MSMEG_0849	-2.8	-4.5	-3.9	0.0
MSMEG_0859	-0.9	-1.8	0.0	0.0
MSMEG_0862	-1.7857	-0.8333	-4.2	-0.8
MSMEG_0876	-4.9	-8.8	-1.0	-1.0
MSMEG_0880	-2.2083	-2.82	-3.1	0.0
MSMEG_0892	-3.65	-4.65	-2.1667	-3.8
MSMEG_0894	-0.675	-1.35	0.0	0.0
MSMEG_0895	-7.5	-7.2	-8.1	-8.1
MSMEG_0896	-2.6784	-2.3769	-3.3923	-2.1909
MSMEG_0901	-2.4947	-2.8714	-1.5571	-3.28
MSMEG_0909	-2.9	-4.35	0.0	0.0
MSMEG_0911	-2.26	-1.4	-4.25	0.0
MSMEG_0912	-1.4	-2.45	-0.35	-0.7
MSMEG_0913	-3.1875	-5.0667	-3.4333	0.0
MSMEG_0918	-3.0	-3.0	-3.0	-3.0
MSMEG_0919	-1.4	0.0	-0.9333	-3.2667
MSMEG_0932	-2.5963	-2.1556	-1.75	-4.15
MSMEG_0940	-2.5913	-2.9375	-2.15	-2.7
MSMEG_0941	-3.3973	-3.0538	-3.55	-3.6167
MSMEG_0942	-2.4667	-3.7	0.0	0.0
MSMEG_0944	-3.9333	-3.55	-5.5	0.0
MSMEG_0945	-1.65	-0.7	-2.6	-2.6
MSMEG_0947	-2.45	-2.26	-3.34	-1.575
MSMEG_0948	-2.95	-3.9	-2.0	-2.0
MSMEG_0951	-3.3548	-3.7727	-4.11	-2.14
MSMEG_0962	-1.6	-2.7	-0.5	-0.5
MSMEG_0965	-1.7182	-1.475	-1.5	-2.3333
MSMEG_0972	-2.45	-2.1688	-1.9438	-3.35
MSMEG_0974	-2.78	-3.375	-2.8	-1.9667
MSMEG_0987	-0.6	-0.6	-0.6	-0.6
MSMEG_0990	-4.5	-4.72	-5.275	-3.45
MSMEG_0991	-3.4065	-3.9	-2.51	-3.76
MSMEG_0999	-0.7333	-0.7	-0.8	-0.8
MSMEG_1002	-2.7333	-3.1667	-2.95	-1.65
MSMEG_1003	-2.8208	-1.8111	-3.0625	-3.8429
MSMEG_1008	-2.71	-3.95	-3.6667	-0.1
MSMEG_1012	-0.4	-0.8	0.0	0.0
MSMEG_1017	-2.8632	-3.3857	-5.1167	0.0
MSMEG_1019	-1.775	-1.45	-2.4	-1.8
MSMEG_1023	-3.7429	-4.1333	-5.7	-1.2
MSMEG_1025	-2.65	-0.85	-4.45	-2.0
MSMEG_1027	-2.66	-1.1	-5.35	-0.4
MSMEG_1030	-1.5	-1.6	-1.4	-0.7
MSMEG_1033	-2.2	-2.3	-2.0	-2.0
MSMEG_1037	-2.5545	-2.0	-4.675	-0.4667
MSMEG_1051	-3.9667	-5.45	-1.0	-1.0
MSMEG_1052	-0.5333	-1.6	0.0	0.0
MSMEG_1053	-1.2	0.0	-2.4	-2.4
MSMEG_1058	-2.725	-2.6	-2.8667	-2.7
MSMEG_1062	-2.6333	-1.7	-2.92	-3.4556
MSMEG_1063	-1.6	-3.2	0.0	0.0
MSMEG_1065	-2.6333	0.0	-7.4	-0.5
MSMEG_1076	-4.25	-4.3	-4.2	-4.2
MSMEG_1082	-1.65	-1.7	-1.6	-1.6
MSMEG_1089	-3.7625	-5.0333	-5.0	0.0
MSMEG_1112	-2.7667	0.0	-3.8	-4.5
MSMEG_1116	-0.9	-1.8	0.0	0.0
MSMEG_1134	-2.2	-3.3	0.0	0.0
MSMEG_1138	-1.075	-1.1	-1.05	-1.3
MSMEG_1139	-1.6125	-2.2333	-1.8333	-0.35
MSMEG_1141	-2.6	-4.15	-2.35	0.0
MSMEG_1153	-1.8333	-2.3	-1.6	0.0
MSMEG_1165	-0.7	-0.55	-1.0	-1.0
MSMEG_1167	-2.0333	-2.4	-2.1	-0.8
MSMEG_1168	-2.4333	-3.65	0.0	0.0
MSMEG_1169	-0.85	-1.05	-0.65	-0.9
MSMEG_1174	-2.0	0.0	-4.0	-4.0
MSMEG_1177	-2.4	-4.25	-1.75	0.0
MSMEG_1185	-0.1	-0.2	0.0	0.0
MSMEG_1188	-2.2	-3.3	-1.1	-1.1
MSMEG_1189	-2.8	-3.0333	-3.75	-1.5
MSMEG_1193	-2.569	-3.71	-1.53	-2.4556
MSMEG_1200	-3.15	0.0	-6.3	-6.3
MSMEG_1204	-0.9	-0.8	-1.0	-1.0
MSMEG_1205	-1.25	-2.5	0.0	0.0
MSMEG_1206	-2.95	-5.9	0.0	0.0
MSMEG_1207	-3.0545	-2.5733	-2.8067	-3.8357
MSMEG_1211	-2.55	-5.1	0.0	0.0
MSMEG_1212	-2.55	-5.1	0.0	0.0
MSMEG_1220	-1.7615	-2.02	-0.3	-2.9
MSMEG_1223	-2.0324	-1.6692	-2.3	-2.1583
MSMEG_1236	-3.6	-5.6	-1.6	-1.6
MSMEG_1238	-1.98	-1.85	-2.6917	-1.3455
MSMEG_1240	-1.5188	-1.85	-1.2167	-1.475
MSMEG_1242	-2.2696	-1.7	-2.625	-2.5143
MSMEG_1245	-1.275	-0.8	-1.75	-2.7
MSMEG_1246	-2.6739	-3.4812	-2.6188	-1.8143
MSMEG_1247	-2.4581	-2.3909	-2.7273	-2.2111
MSMEG_1251	-3.2	-5.9	-0.5	-0.5
MSMEG_1253	-1.7867	-2.45	-1.6182	-1.2556
MSMEG_1255	-1.8	-4.35	0.0	-0.3
MSMEG_1257	-2.7333	-3.1667	-2.95	-1.65
MSMEG_1258	-2.0265	-2.025	-1.7636	-2.2909
MSMEG_1262	-1.8643	-1.7	-2.5	-1.4111
MSMEG_1263	-2.6591	-3.0875	-1.6	-3.5
MSMEG_1264	-2.9696	-2.525	-3.35	-3.0429
MSMEG_1270	-1.44	-0.4	-1.8	-2.8
MSMEG_1272	-3.4462	-2.5	-4.625	-3.45
MSMEG_1274	-5.45	-8.1	-2.8	-2.8
MSMEG_1275	-0.75	-0.9	-0.6	-0.6
MSMEG_1289	-2.8	-3.55	-2.2	-2.5
MSMEG_1292	-0.7	-0.4	-1.0	-1.0
MSMEG_1295	-2.9667	-2.3667	-3.3	-4.1
MSMEG_1296	-1.8857	-1.7333	-2.6333	-0.1
MSMEG_1300	-2.5333	-7.6	0.0	0.0
MSMEG_1311	-4.6	-5.6	-2.6	-2.6
MSMEG_1313	-2.1647	-2.8333	-2.2	-1.32
MSMEG_1322	-3.1	-5.7	-1.0	0.0
MSMEG_1339	-3.175	-5.5	-0.85	-0.4
MSMEG_1344	-2.475	-1.75	-3.2	0.0
MSMEG_1350	-1.4	-2.8	0.0	0.0
MSMEG_1351	-1.82	-2.5	-0.9	-2.3
MSMEG_1356	-2.3214	-4.6	-1.5	-0.5
MSMEG_1361	-3.6633	-3.8364	-4.56	-2.4556
MSMEG_1364	-3.6455	-4.4875	-3.6714	-2.6571
MSMEG_1366	-1.8778	-1.45	-2.3667	-2.0
MSMEG_1367	-2.15	-2.2167	-2.3167	-1.8
MSMEG_1370	-0.4	-0.6	0.0	0.0
MSMEG_1381	-3.9889	-6.2333	-3.6	-2.1333
MSMEG_1394	-3.2	-6.4	0.0	0.0
MSMEG_1397	-3.9222	-6.45	-0.5333	-3.95
MSMEG_1398	-3.3444	-3.6571	-5.6	-0.2
MSMEG_1401	-0.5333	-1.0667	0.0	0.0
MSMEG_1403	-0.7	-1.4	0.0	0.0
MSMEG_1404	-2.7714	-2.52	-3.82	-1.775
MSMEG_1405	-2.7333	-3.1667	-2.95	-1.65
MSMEG_1415	0.0	0.0	0.0	0.0
MSMEG_1423	-2.925	-3.41	-2.2556	-3.0556
MSMEG_1426	-4.075	-3.6	-4.55	-4.8
MSMEG_1429	-1.1	-2.2	0.0	0.0
MSMEG_1430	-3.5444	-2.7	-5.4333	-2.4
MSMEG_1433	-2.9639	-3.0083	-3.4385	-2.3545
MSMEG_1434	-2.7125	-3.2	-2.76	-2.08
MSMEG_1435	-3.7885	-4.6778	-3.4444	-3.175
MSMEG_1440	-3.5607	-4.05	-3.3333	-3.2444
MSMEG_1442	-3.5143	-1.1	-6.22	-3.15
MSMEG_1446	-3.5893	-2.31	-5.02	-3.4
MSMEG_1448	-2.9143	-5.9	-0.8667	-0.1
MSMEG_1451	-4.6	-6.0	-3.2	-3.2
MSMEG_1455	-1.3294	-1.1167	-2.65	0.0
MSMEG_1456	-2.1222	-3.35	-0.7667	-1.7
MSMEG_1465	-1.9273	-2.875	-0.525	-2.5333
MSMEG_1466	-0.125	-0.25	0.0	0.0
MSMEG_1468	-3.75	-1.4	-6.1	-4.0
MSMEG_1470	-3.1606	-2.7917	-4.2	-2.46
MSMEG_1471	-1.2375	-1.3	-1.2667	-1.1
MSMEG_1473	-2.625	-2.2	-6.1	0.0
MSMEG_1479	-2.75	-3.3	-3.3	0.0
MSMEG_1482	-4.4	-3.5333	-7.9	0.0
MSMEG_1483	-2.6091	-2.425	-3.35	-1.8667
MSMEG_1487	-2.6	-2.62	-2.3	-2.9125
MSMEG_1494	-3.4659	-3.1733	-4.0867	-3.1143
MSMEG_1496	-3.9429	-3.6	-5.25	-3.15
MSMEG_1498	-2.6333	-3.95	0.0	0.0
MSMEG_1501	-3.38	-5.45	-2.65	-0.7
MSMEG_1502	-2.0214	-2.36	-2.48	-1.025
MSMEG_1513	-3.8308	-2.2	-5.24	-4.2
MSMEG_1514	-2.0	-3.0333	-1.3333	-1.45
MSMEG_1518	-3.4429	-4.9	-2.1	-3.1
MSMEG_1520	-1.1429	-0.6333	-2.0333	0.0
MSMEG_1522	-3.125	-4.36	-2.625	-1.7333
MSMEG_1523	-3.0211	-2.7615	-2.9154	-3.4167
MSMEG_1524	-3.5556	-3.93	-3.7	-2.925
MSMEG_1525	-2.3667	-1.6	-3.0556	-2.3571
MSMEG_1530	0.0	0.0	0.0	0.0
MSMEG_1531	-1.5714	-3.0333	-0.6333	0.0
MSMEG_1540	-2.8667	-1.3	-3.975	-3.0
MSMEG_1542	-4.2	-6.9667	-2.15	0.0
MSMEG_1544	-2.0154	-3.4333	-1.4333	-1.075
MSMEG_1546	-3.6333	-3.15	-4.6	-4.6
MSMEG_1553	-3.6	-4.1	-3.1	-5.1
MSMEG_1556	-3.42	-3.65	-2.1667	-4.3667
MSMEG_1557	-2.4909	-3.2	-2.8727	-1.22
MSMEG_1558	-3.0225	-3.5571	-1.9692	-3.5
MSMEG_1559	-2.6683	-2.45	-3.2214	-2.3077
MSMEG_1574	-3.7667	-8.4	-1.45	0.0
MSMEG_1577	-2.7667	-2.0833	-1.82	-4.975
MSMEG_1580	-2.5226	-2.3	-2.8182	-2.4333
MSMEG_1582	-2.3818	-2.7	-1.725	-2.8333
MSMEG_1583	-2.6923	-3.48	-1.05	-3.35
MSMEG_1585	-2.8056	-2.8	-3.0167	-2.56
MSMEG_1589	-2.134	-1.5688	-1.5875	-3.32
MSMEG_1596	-3.275	-3.35	-3.2	0.0
MSMEG_1597	-0.6286	-1.1667	-0.3	0.0
MSMEG_1599	-1.51	-1.475	-0.6667	-2.4
MSMEG_1602	-0.25	-0.5	0.0	0.0
MSMEG_1603	-1.5	-2.0	0.0	-3.5
MSMEG_1604	-3.6875	-5.9667	-2.7667	-1.65
MSMEG_1608	-3.895	-4.5214	-3.3071	-3.85
MSMEG_1618	-2.7091	-3.575	-3.225	-0.8667
MSMEG_1620	-3.0667	-3.4	-2.4	-2.4
MSMEG_1632	-1.175	-1.5	-1.4333	-0.3
MSMEG_1633	-3.2	-4.1687	-2.4562	-2.96
MSMEG_1634	-2.7667	-3.7	-3.0667	0.0
MSMEG_1637	-3.16	-2.4714	-2.9714	-4.1833
MSMEG_1638	-4.6182	-5.825	-2.225	-6.2
MSMEG_1640	-2.0467	-3.16	-1.7	-1.28
MSMEG_1646	-4.0	-4.675	-4.875	-0.9
MSMEG_1652	-3.3667	-4.5727	-3.13	-2.1556
MSMEG_1654	0.0	0.0	0.0	0.0
MSMEG_1659	-3.62	-6.65	-2.25	-0.3
MSMEG_1662	-2.4977	-3.26	-2.82	-1.3357
MSMEG_1672	-2.7	-3.9	-1.5	-1.6
MSMEG_1673	-1.24	-1.225	-2.5	0.0
MSMEG_1675	0.0	0.0	0.0	0.0
MSMEG_1680	-2.7143	-2.8667	-2.2	-3.1091
MSMEG_1683	-4.2333	-6.35	0.0	0.0
MSMEG_1685	-3.0762	-4.4429	-3.1571	-1.6286
MSMEG_1689	-3.3	-3.175	-3.7125	-2.9933
MSMEG_1698	-1.7167	-2.7	-1.1	0.0
MSMEG_1719	-2.2447	-3.2	-1.9462	-1.5333
MSMEG_1722	-2.0	-2.9	-0.2	-0.2
MSMEG_1723	-1.5111	-2.1	-0.4667	-1.9
MSMEG_1726	-2.8643	-2.14	-3.72	-2.7
MSMEG_1728	-1.8944	-1.0615	-2.8083	-1.8818
MSMEG_1732	-2.4	-2.35	-3.65	0.0
MSMEG_1733	-1.6462	-1.6667	-1.0556	-2.2875
MSMEG_1738	-2.2688	-2.9333	-2.28	-1.46
MSMEG_1770	-1.45	-2.9	0.0	0.0
MSMEG_1773	-1.75	-2.1833	-1.52	-1.46
MSMEG_1778	-2.784	-3.1444	-3.6125	-1.55
MSMEG_1782	-2.9105	-3.2714	-3.0571	-2.2
MSMEG_1786	-2.9091	-3.35	-4.0	-0.8667
MSMEG_1791	-3.65	-6.7	-0.6	-0.6
MSMEG_1799	-1.1333	-0.35	-2.7	-2.7
MSMEG_1801	-3.2467	-4.0438	-2.9467	-2.6571
MSMEG_1802	-0.5	-0.75	0.0	0.0
MSMEG_1804	-2.4727	-3.025	-2.475	-1.7333
MSMEG_1805	-3.008	-3.9444	-3.0625	-1.9
MSMEG_1807	-0.1667	0.0	-0.5	0.0
MSMEG_1812	-3.4333	-4.4833	-3.38	-1.925
MSMEG_1822	-4.25	-3.7	-3.675	-6.5
MSMEG_1831	-2.5	-3.3	-0.9	-3.5667
MSMEG_1836	-1.525	-1.625	-1.74	-1.0333
MSMEG_1839	-2.2	-2.2	-2.2	-2.2
MSMEG_1861	-1.3765	-2.8	-0.5833	-0.62
MSMEG_1862	-2.8643	-2.14	-3.72	-2.7
MSMEG_1863	-1.7333	-1.4714	-2.3	-1.2833
MSMEG_1869	-0.6	-0.25	-1.35	-0.2
MSMEG_1875	-2.7321	-2.41	-2.4667	-3.3556
MSMEG_1880	-2.2333	-2.65	-1.4	-1.4
MSMEG_1881	-1.925	-2.7	-2.3	0.0
MSMEG_1914	-4.0857	-2.5	-8.0	-2.55
MSMEG_1918	-3.1846	-2.6556	-2.8778	-4.125
MSMEG_1919	-2.1	-0.8667	0.0	-6.05
MSMEG_1929	-3.3184	-2.7308	-3.2692	-4.0083
MSMEG_1930	-2.29	-2.1429	-3.4	-1.1667
MSMEG_1933	-3.804	-3.3778	-3.975	-4.1125
MSMEG_1934	-2.8	-5.2	-0.4	-0.4
MSMEG_1935	-3.3	-5.4	-2.1	-0.3
MSMEG_1937	-2.96	-5.05	-2.35	0.0
MSMEG_1945	-2.8	-1.75	-4.9	-4.9
MSMEG_1949	-3.6387	-3.0182	-3.4091	-4.6778
MSMEG_1953	-2.3122	-1.9929	-3.1929	-1.7077
MSMEG_1955	-2.8444	-3.425	-2.3	-2.5
MSMEG_1960	-3.0655	-4.36	-1.48	-3.3889
MSMEG_1966	-1.7	-2.9	-0.5	-0.5
MSMEG_1969	-2.175	-1.25	-6.2	0.0
MSMEG_1976	-3.1167	-1.78	-3.425	-4.9333
MSMEG_1985	-1.9	-3.25	-0.55	0.0
MSMEG_1986	-4.6	-7.3	-1.9	-1.9
MSMEG_1989	-3.4607	-3.91	-3.03	-3.4375
MSMEG_1999	-3.1	-4.95	-2.9	0.0
MSMEG_2000	-1.66	-1.1	-3.05	0.0
MSMEG_2002	-2.7333	-3.1667	-2.95	-1.65
MSMEG_2007	-5.36	-7.85	-5.55	0.0
MSMEG_2010	-0.3833	-1.1	-0.0333	0.0
MSMEG_2017	-4.5333	-5.75	-2.1	-2.1
MSMEG_2019	-1.0	-0.8	-0.35	-2.9
MSMEG_2021	-3.6	-4.4	-2.8	-2.8
MSMEG_2042	-0.6	-1.2	0.0	0.0
MSMEG_2044	-1.3182	-2.0	-1.625	0.0
MSMEG_2045	-4.7533	-6.15	-6.06	-1.025
MSMEG_2072	-2.71	-4.075	-1.5	-2.4
MSMEG_2074	-2.28	-4.1833	-1.2	-0.775
MSMEG_2075	-0.9	-0.85	-1.0	-1.0
MSMEG_2078	-2.5077	-1.16	-5.5	-1.2
MSMEG_2080	-3.5269	-5.2444	-2.5667	-2.675
MSMEG_2081	-1.7625	-1.4333	-2.4333	-1.25
MSMEG_2087	-2.6857	-2.1667	-2.55	-3.6
MSMEG_2092	-3.4	-3.4	-3.4	-3.4
MSMEG_2103	-2.6692	-1.54	-3.0	-3.75
MSMEG_2105	-0.6909	-1.625	-0.175	-0.1333
MSMEG_2107	-3.2333	-0.3	-9.4	0.0
MSMEG_2108	-0.45	-0.9	0.0	0.0
MSMEG_2111	-2.1	-1.8	-1.55	-4.1
MSMEG_2116	-1.4333	-1.6	-1.35	0.0
MSMEG_2124	-1.9	-2.8667	-1.4	0.0
MSMEG_2125	-0.7	-1.2	-0.2	-0.2
MSMEG_2157	-2.525	-1.4	-5.5	-1.8
MSMEG_2162	-3.9714	-3.8	-4.42	-3.625
MSMEG_2164	-1.35	-1.05	-2.0	0.0
MSMEG_2174	-3.9714	-5.2333	-4.0333	0.0
MSMEG_2189	-3.4182	-4.0	-3.6	-2.5714
MSMEG_2195	-1.225	-0.3	-2.15	-2.1
MSMEG_2196	-2.75	-2.36	-3.5	-2.4
MSMEG_2197	-3.4029	-3.9417	-2.2091	-4.0091
MSMEG_2198	-3.3375	-4.1	-3.4667	-2.0
MSMEG_2199	-1.22	-1.75	-0.2	-2.2
MSMEG_2201	-2.35	-2.5	-4.4	0.0
MSMEG_2204	-2.1	-2.275	-3.3	-0.2667
MSMEG_2205	-2.5	-5.0	0.0	0.0
MSMEG_2206	-2.5	-5.5	-1.0	0.0
MSMEG_2225	-4.03	-4.025	-4.95	-2.2
MSMEG_2226	-2.5878	-3.35	-1.4571	-2.9846
MSMEG_2227	-1.0	0.0	-2.0	-2.0
MSMEG_2259	0.0	0.0	0.0	0.0
MSMEG_2268	-2.2385	-2.32	-4.0	-0.375
MSMEG_2273	-2.2667	-1.75	-3.3	-3.3
MSMEG_2280	-4.1667	-4.75	-3.0	-3.0
MSMEG_2282	-2.7333	-3.1667	-2.95	-1.65
MSMEG_2284	-3.75	-7.5	0.0	0.0
MSMEG_2288	-2.71	-3.95	-3.6667	-0.1
MSMEG_2289	-1.3	-0.9	-2.1	-2.1
MSMEG_2292	-0.4	-0.8	0.0	0.0
MSMEG_2297	-2.8632	-3.3857	-5.1167	0.0
MSMEG_2303	-3.7429	-4.1333	-5.7	-1.2
MSMEG_2307	-2.66	-1.1	-5.35	-0.4
MSMEG_2310	-1.5	-1.6	-1.4	-0.7
MSMEG_2313	-2.2	-2.3	-2.0	-2.0
MSMEG_2317	-2.5545	-2.0	-4.675	-0.4667
MSMEG_2331	-3.9667	-5.45	-1.0	-1.0
MSMEG_2332	-0.5333	-1.6	0.0	0.0
MSMEG_2333	-1.2	0.0	-2.4	-2.4
MSMEG_2338	-2.725	-2.6	-2.8667	-2.7
MSMEG_2349	-3.2366	-2.6286	-3.6714	-3.4231
MSMEG_2351	-3.15	-2.7	-0.3	-8.1
MSMEG_2352	-1.22	-1.15	-1.9	0.0
MSMEG_2372	-2.0579	-3.2714	-1.4	-1.3
MSMEG_2387	-1.1667	-1.975	-0.5	-0.55
MSMEG_2389	-4.25	-8.5	0.0	0.0
MSMEG_2397	-1.3	-2.6	0.0	0.0
MSMEG_2398	-5.42	-3.9	-6.15	-7.0
MSMEG_2400	-3.0	-4.5	-1.5	0.0
MSMEG_2405	-1.2667	-1.0	-1.8	-1.8
MSMEG_2407	-1.9	-2.5	-1.38	-1.7667
MSMEG_2409	-2.25	-1.2	-1.3333	-4.5667
MSMEG_2412	0.0	0.0	0.0	0.0
MSMEG_2425	-3.8	-7.6	0.0	0.0
MSMEG_2427	-4.0519	-4.44	-3.9333	-3.7
MSMEG_2435	-2.9111	-2.875	-2.8	-3.15
MSMEG_2439	-1.7333	-0.2	-3.3333	0.0
MSMEG_2440	-2.4	-1.8	-1.875	-4.65
MSMEG_2442	-2.7143	-4.4667	-2.15	-0.65
MSMEG_2443	-0.2333	-0.3333	-0.2	0.0
MSMEG_2451	-3.014	-3.7533	-3.7357	-1.5
MSMEG_2455	-1.35	-0.85	-3.7	0.0
MSMEG_2467	-4.66	-4.75	-4.85	-4.1
MSMEG_2478	-2.375	-2.4	-4.7	0.0
MSMEG_2486	-2.8	-3.0	-4.4667	0.0
MSMEG_2487	0.0	0.0	0.0	0.0
MSMEG_2488	-1.8	-0.7	-2.9	-2.9
MSMEG_2490	-2.6538	-2.16	-4.35	-1.575
MSMEG_2495	-3.0929	-3.4133	-3.1	-2.7154
MSMEG_2497	-2.75	-0.6	-4.9	-4.9
MSMEG_2506	-3.065	-4.9714	-2.0714	-2.0
MSMEG_2507	-2.52	-3.6	-2.7	0.0
MSMEG_2511	-4.575	-6.5	-2.65	-0.2
MSMEG_2512	-3.6893	-3.0	-3.58	-4.6875
MSMEG_2517	-5.0333	-7.55	0.0	0.0
MSMEG_2519	-4.575	-5.56	-4.35	-3.2333
MSMEG_2520	-3.0625	-4.8667	-3.3	0.0
MSMEG_2526	-3.3667	-3.6	-4.7	0.0
MSMEG_2528	-5.4	-4.7	-12.1	-0.1
MSMEG_2531	-4.4	-6.8	-3.5667	-2.05
MSMEG_2532	-3.1357	-2.64	-3.88	-2.825
MSMEG_2540	-2.9	-4.95	-1.7	0.0
MSMEG_2541	-1.525	-1.45	-1.6	-3.0
MSMEG_2542	-2.0556	-3.7333	-1.7	-0.7333
MSMEG_2543	-1.12	-0.6	-2.2	0.0
MSMEG_2553	-3.0862	-3.28	-3.65	-2.2444
MSMEG_2570	-4.0	-5.4429	-2.5833	-3.7333
MSMEG_2571	-5.8	-10.2	-1.4	-1.4
MSMEG_2572	-2.9233	-3.2933	-1.9357	-3.5143
MSMEG_2574	-4.09	-2.075	-6.175	-3.95
MSMEG_2579	-1.8333	-3.0667	-0.9	0.0
MSMEG_2581	-2.7857	-5.6667	-0.8333	0.0
MSMEG_2582	-3.8333	-5.3	-0.9	-0.9
MSMEG_2595	-1.5571	-1.3667	-1.7	-1.7
MSMEG_2597	-3.5321	-3.51	-3.7667	-3.3222
MSMEG_2604	-3.4818	-4.0583	-2.8	-3.54
MSMEG_2611	-0.1	0.0	-0.2	-0.2
MSMEG_2613	-1.76	-1.5	-2.9	0.0
MSMEG_2624	-1.675	-1.85	-3.0	0.0
MSMEG_2625	-1.13	-2.0	-0.4667	-0.6333
MSMEG_2630	-1.2	0.0	-1.8	0.0
MSMEG_2635	-3.3	-2.95	-3.65	-1.6
MSMEG_2643	-2.5667	-2.5111	-3.6375	-1.4143
MSMEG_2645	-4.4	-4.0	-7.0	0.0
MSMEG_2654	-2.58	-4.5	-1.9	-0.1
MSMEG_2655	-3.471	-3.3545	-2.82	-4.25
MSMEG_2656	-3.3042	-4.275	-2.9778	-2.6143
MSMEG_2657	-2.8684	-1.3571	-3.4857	-4.12
MSMEG_2663	-2.387	-2.5	-2.6133	-2.04
MSMEG_2668	-3.6562	-2.8833	-3.9333	-4.4
MSMEG_2673	-2.2447	-3.2	-1.9462	-1.5333
MSMEG_2679	-2.6111	-2.3308	-2.5917	-2.9636
MSMEG_2688	-0.2	0.0	-0.4	-0.4
MSMEG_2693	-4.0	-7.05	-0.95	-0.3
MSMEG_2694	-1.3	-2.6	0.0	0.0
MSMEG_2695	-1.12	-0.35	-2.45	0.0
MSMEG_2696	-0.9	0.0	-1.35	-0.4
MSMEG_2720	-4.1333	-3.5	-4.95	-3.95
MSMEG_2723	-2.0143	-2.0333	-1.8	-2.2
MSMEG_2731	-1.55	-2.0	-1.1	-1.1
MSMEG_2739	-2.85	-0.5	-5.2	-5.2
MSMEG_2742	-1.3167	-1.5333	-0.45	-2.4
MSMEG_2743	-1.7	-2.0	-1.4	-1.4
MSMEG_2746	-4.35	-1.95	-10.6	-2.9
MSMEG_2751	-2.8222	-3.1167	-2.5571	-2.84
MSMEG_2756	-2.4	-3.6	0.0	0.0
MSMEG_2758	-2.39	-3.175	-2.0	-1.6
MSMEG_2760	-2.2	-0.1	-4.3333	0.0
MSMEG_2768	-3.0	-2.8	-6.2	0.0
MSMEG_2770	-2.02	-1.9	-3.15	0.0
MSMEG_2771	-0.8667	-1.7	-0.45	0.0
MSMEG_2773	-4.2	-4.7	-6.15	-1.5
MSMEG_2775	-5.275	-6.75	-7.6	0.0
MSMEG_2778	-2.25	-2.6333	-3.1667	-0.3
MSMEG_2785	-3.3289	-4.9	-2.8154	-2.1833
MSMEG_2799	-2.8625	-3.0833	-2.92	-2.54
MSMEG_2800	-4.6333	-6.25	-1.4	-1.4
MSMEG_2820	-2.1432	-2.6154	-1.6846	-2.1273
MSMEG_2822	-2.039	-2.2143	-2.2857	-1.5846
MSMEG_2829	-2.7333	-3.1667	-2.95	-1.65
MSMEG_2843	-3.925	-6.04	-1.4	-3.7667
MSMEG_2890	-2.6581	-2.4636	-3.44	-2.09
MSMEG_2898	-0.75	-1.5	0.0	0.0
MSMEG_2901	-3.6	-5.4	0.0	0.0
MSMEG_2911	-2.4	-3.5	-2.5	0.0
MSMEG_2919	-1.15	-1.9	-0.4	-0.8
MSMEG_2931	0.0	0.0	0.0	0.0
MSMEG_2932	-3.6812	-3.2	-3.0667	-5.325
MSMEG_2934	-3.3333	-4.3	-2.8	-1.5
MSMEG_2936	-4.0267	-4.7	-2.8	-4.55
MSMEG_2941	-3.2143	-3.3333	-2.4667	-5.1
MSMEG_2942	-0.5	-0.5	-0.5	-0.5
MSMEG_2947	-1.3667	-0.5	-3.1	-3.1
MSMEG_2956	-2.0188	-3.2	-1.1833	-1.5
MSMEG_2959	-0.1	0.0	-0.2	0.0
MSMEG_2960	-2.78	-5.0	-1.9	-0.1
MSMEG_2964	-3.28	-5.5	-2.7	0.0
MSMEG_2973	-3.1333	-3.9333	-2.32	-2.95
MSMEG_2974	-1.35	0.0	-2.7	-2.7
MSMEG_2976	-3.28	-3.55	-4.22	-1.7
MSMEG_2982	-2.0714	-1.8333	-4.3	-0.2
MSMEG_2989	-2.82	-2.55	-4.5	0.0
MSMEG_2994	-0.5	-0.5	-0.5	-0.5
MSMEG_3000	-4.8	-6.5	-3.1	-3.1
MSMEG_3008	-3.0667	-2.6	-3.7	-3.2
MSMEG_3013	-0.725	-1.45	0.0	0.0
MSMEG_3015	-3.65	-4.15	-5.6	-0.7
MSMEG_3019	-1.55	-1.3	-1.8	-1.8
MSMEG_3025	-3.48	-5.9	-3.7333	0.0
MSMEG_3029	-4.1279	-4.8267	-4.0071	-3.5
MSMEG_3035	-3.5053	-5.3	-3.55	-1.3667
MSMEG_3042	-3.1607	-3.05	-3.54	-2.825
MSMEG_3045	-4.0875	-3.4333	-5.5333	-2.9
MSMEG_3046	-4.2489	-4.875	-3.625	-4.2467
MSMEG_3050	-1.86	-1.85	0.0	-5.6
MSMEG_3053	-1.75	-1.95	-2.175	-0.5
MSMEG_3055	-2.12	-2.1667	-3.64	-0.15
MSMEG_3057	-3.7286	-3.32	-3.4929	-4.4538
MSMEG_3062	-4.8667	-6.05	-2.5	-2.5
MSMEG_3065	-3.995	-4.8714	-3.9571	-3.0167
MSMEG_3068	-2.2667	-3.05	-0.7	-0.7
MSMEG_3072	-2.8667	-3.55	-3.3667	0.0
MSMEG_3079	-1.8786	-0.74	-2.54	-2.475
MSMEG_3080	-3.3067	-1.7667	-4.2	-4.5
MSMEG_3081	-2.5481	-2.31	-3.0222	-2.3125
MSMEG_3082	-1.5	-3.0	0.0	0.0
MSMEG_3085	-2.1571	-1.4	-2.98	-2.075
MSMEG_3086	-4.2833	-4.4667	-5.5375	-2.6143
MSMEG_3087	-6.7	-4.0	-9.4	-9.4
MSMEG_3095	-1.1571	-1.1	-1.2667	-1.0
MSMEG_3103	-0.8	-0.9	-0.75	0.0
MSMEG_3111	-2.7472	-3.1667	-3.2923	-1.6455
MSMEG_3121	-1.4	-2.8	0.0	0.0
MSMEG_3132	-2.3586	-2.21	-2.16	-2.7444
MSMEG_3140	-2.4077	-2.52	-2.975	-1.7
MSMEG_3143	-3.3	-2.8	-3.8	-3.8
MSMEG_3145	-1.7875	0.0	-2.9333	-2.75
MSMEG_3147	-4.1391	-4.35	-2.525	-5.7429
MSMEG_3155	-3.6	-4.28	-2.9556	-3.475
MSMEG_3159	-2.02	-4.2	-0.8667	-0.2667
MSMEG_3160	-3.7104	-3.7118	-3.9438	-3.46
MSMEG_3161	-3.1455	-4.0917	-2.2091	-3.04
MSMEG_3163	-2.4079	-2.3692	-3.0077	-1.8
MSMEG_3165	-2.7333	-3.1667	-2.95	-1.65
MSMEG_3169	-4.7667	-4.125	-5.7286	-4.5
MSMEG_3183	-3.6	-2.5	-4.15	0.0
MSMEG_3186	-3.5833	-1.6333	-7.5	-1.6
MSMEG_3189	-5.67	-6.75	-4.75	-5.35
MSMEG_3191	-3.4	-6.8	0.0	0.0
MSMEG_3194	-4.4	-3.8	-5.0	-5.0
MSMEG_3196	-3.9391	-4.625	-4.2	-2.8571
MSMEG_3204	-2.3545	-0.6	-5.45	-0.5667
MSMEG_3215	-4.4833	-7.5333	-2.0	-0.3
MSMEG_3219	-3.6667	-3.6	-3.8	-3.8
MSMEG_3225	-3.625	-4.85	-4.8	0.0
MSMEG_3228	-2.15	-3.4	-1.8	0.0
MSMEG_3235	-2.57	-4.125	-1.95	-0.7
MSMEG_3236	-4.0615	-4.1667	-5.4333	-2.4
MSMEG_3237	-2.875	-4.0	-1.7	-2.95
MSMEG_3247	-3.19	-4.2	-1.9	-3.1333
MSMEG_3248	-2.6049	-2.55	-2.9714	-2.2692
MSMEG_3256	-3.9861	-3.9083	-3.8769	-4.2
MSMEG_3259	-2.75	-3.7	-2.7	0.0
MSMEG_3275	-2.9789	-3.7714	-3.0833	-1.95
MSMEG_3280	-2.5026	-3.7929	-2.4154	-1.0917
MSMEG_3283	-0.5	0.0	-1.0	-1.0
MSMEG_3287	-1.15	-2.3	0.0	0.0
MSMEG_3292	-2.9909	-3.6	-3.6625	-1.2833
MSMEG_3297	-6.6833	-8.4667	-4.75	-5.2
MSMEG_3304	-3.0781	-2.1636	-2.7909	-4.4
MSMEG_3306	-2.2583	-2.175	-2.025	-2.575
MSMEG_3312	-2.3111	-1.75	-2.0714	-3.32
MSMEG_3323	-3.2857	-2.4333	-3.7	-4.15
MSMEG_3325	-2.5273	-0.975	-3.7	-3.0333
MSMEG_3327	-2.064	-2.1667	-2.025	-1.9875
MSMEG_3332	-2.2636	-2.55	-2.55	-1.5
MSMEG_3336	-1.9167	-3.45	-1.7	-0.38
MSMEG_3337	-2.155	-1.4714	-3.2857	-1.6333
MSMEG_3338	-1.863	-1.9688	-2.3267	-1.2867
MSMEG_3341	-2.4556	-2.9571	-2.0667	-2.22
MSMEG_3342	-2.78	-1.95	-3.2	-3.6
MSMEG_3346	-1.1333	-1.35	-0.7	-0.7
MSMEG_3352	-1.7182	-0.525	-1.675	-3.3667
MSMEG_3359	-2.1	-0.425	-3.475	-2.4
MSMEG_3361	-1.94	-4.85	0.0	0.0
MSMEG_3365	-2.8	-2.5857	-3.5143	-2.2167
MSMEG_3375	-1.3	-1.0	-1.6	-1.6
MSMEG_3377	-3.3071	-2.6	-4.7667	-2.6333
MSMEG_3378	-2.7333	-3.35	-1.5	-1.5
MSMEG_3383	-3.5968	-2.5818	-4.0	-4.3444
MSMEG_3395	-2.1062	-3.5333	-1.38	-1.12
MSMEG_3418	-3.0826	-2.525	-3.7875	-2.9143
MSMEG_3419	-1.2	0.0	-2.4	-2.4
MSMEG_3421	-3.6833	-2.7667	-6.05	-1.7
MSMEG_3422	-1.5875	-1.6333	-2.0667	-0.8
MSMEG_3425	-3.3933	-4.3167	-3.04	-2.45
MSMEG_3432	-2.3038	-1.9556	-3.4333	-1.425
MSMEG_3437	-2.5	-2.8	-1.9	-1.9
MSMEG_3438	-2.7051	-3.0786	-1.6538	-3.4083
MSMEG_3439	-0.4333	-0.65	0.0	0.0
MSMEG_3440	-3.0125	-3.9333	-1.0	-4.65
MSMEG_3441	-2.7	-1.7333	-2.8333	-3.95
MSMEG_3447	-2.6667	-2.7	-2.6	-2.6
MSMEG_3449	-1.9	-3.0667	-1.15	-0.9
MSMEG_3452	-0.78	-0.55	-1.4	0.0
MSMEG_3459	-1.875	0.0	-5.1	-2.4
MSMEG_3466	-3.412	-3.1	-3.4556	-3.7571
MSMEG_3471	-2.0	-2.2	-1.8	-1.8
MSMEG_3472	-1.14	-1.15	-1.7	0.0
MSMEG_3477	-1.4	-2.55	-0.95	0.0
MSMEG_3487	-2.7692	-2.44	-3.3	-2.4333
MSMEG_3489	-2.16	-2.275	-1.5	-3.25
MSMEG_3490	-2.925	-3.4667	-3.1333	-1.8
MSMEG_3495	-1.91	-2.1	-1.175	-3.0
MSMEG_3501	-1.45	-0.65	-2.25	-4.1
MSMEG_3503	-1.3091	-0.45	-0.95	-2.9333
MSMEG_3505	-1.4	-2.2	-0.6	-0.5
MSMEG_3507	-4.38	-8.0	-0.95	-4.0
MSMEG_3511	-5.75	-4.55	-6.95	-10.4
MSMEG_3519	-2.3	-1.5	-3.9	-3.9
MSMEG_3531	-3.6	-3.9667	-3.2667	-3.5
MSMEG_3534	0.0	0.0	0.0	0.0
MSMEG_3538	-4.0125	-7.8	-0.4333	-3.7
MSMEG_3545	-2.66	-1.575	-3.5333	-3.2333
MSMEG_3564	-0.2	-0.3	0.0	0.0
MSMEG_3566	-2.0	-2.0	-2.0	-2.0
MSMEG_3570	-2.3187	-2.4091	-2.4273	-2.1
MSMEG_3578	-1.72	-0.55	-3.75	0.0
MSMEG_3580	-1.52	-2.4	-0.1	-2.6
MSMEG_3583	-3.8	-7.05	-2.6333	-0.8
MSMEG_3605	-1.7125	-0.6667	-1.7667	-3.2
MSMEG_3614	-2.0	-4.0	0.0	0.0
MSMEG_3615	-3.3964	-3.59	-4.2	-2.3778
MSMEG_3616	-6.08	-6.3	-7.75	-2.3
MSMEG_3619	-2.6333	-3.65	-0.6	-0.6
MSMEG_3621	-1.5	-3.0	0.0	0.0
MSMEG_3633	-3.7125	-4.5	-2.6455	-4.02
MSMEG_3636	-1.4	0.0	-2.8	-2.8
MSMEG_3639	-3.6073	-4.4357	-3.7286	-2.5846
MSMEG_3641	0.0	0.0	0.0	0.0
MSMEG_3642	-2.9667	-2.9333	-3.4556	-2.5111
MSMEG_3644	-2.5	-1.4	-4.34	-1.2667
MSMEG_3645	-1.95	-4.15	-1.2	-0.5
MSMEG_3647	-2.3722	-2.3	-3.9	-0.64
MSMEG_3649	-2.9571	-3.9	-3.2	-1.3
MSMEG_3650	-3.2714	-4.4429	-3.6375	-1.4167
MSMEG_3660	-0.6667	0.0	-2.0	0.0
MSMEG_3667	-0.5333	-0.8	0.0	0.0
MSMEG_3668	-2.9364	-3.65	-2.225	-2.9333
MSMEG_3678	-4.1333	-1.1	-5.65	-4.6
MSMEG_3680	-1.0875	-0.5333	-2.3667	0.0
MSMEG_3686	-3.4667	-2.8	-3.8	-4.0
MSMEG_3692	-8.15	-9.9	-6.4	-6.4
MSMEG_3693	-5.5	-6.25	-4.0	-4.0
MSMEG_3694	-0.15	-0.3	0.0	0.0
MSMEG_3696	-2.7333	-3.1667	-2.95	-1.65
MSMEG_3725	-3.2733	-4.38	-4.8	-0.64
MSMEG_3727	-1.9267	-2.5667	-2.24	-0.575
MSMEG_3730	-1.7625	-2.4333	-1.1667	-1.65
MSMEG_3733	0.0	0.0	0.0	0.0
MSMEG_3736	-1.7667	-5.3	0.0	0.0
MSMEG_3737	-1.3667	-4.1	0.0	0.0
MSMEG_3741	-2.8125	-3.5667	-1.9	-3.05
MSMEG_3743	-2.1167	-3.4	-1.15	-0.2
MSMEG_3744	-3.3522	-3.7875	-3.0312	-3.2214
MSMEG_3746	-1.725	-3.4	-0.1	0.0
MSMEG_3750	-3.6818	-4.45	-2.75	-3.9
MSMEG_3754	-1.675	-2.54	-1.6	-0.3333
MSMEG_3765	-3.6333	-2.675	-7.2333	-0.15
MSMEG_3766	-3.3615	-1.32	-3.88	-5.9
MSMEG_3767	-1.15	-2.3	0.0	0.0
MSMEG_3774	-3.372	-3.0889	-4.375	-2.6875
MSMEG_3775	-2.8542	-4.1222	-2.625	-1.4857
MSMEG_3784	-4.9	-4.9	-4.9	-4.9
MSMEG_3785	-3.8	-5.4	-2.2	-2.2
MSMEG_3786	-2.6	-3.85	-2.35	-0.6
MSMEG_3791	-1.95	-3.2	-0.7	-1.3
MSMEG_3794	-2.6235	-2.6	-3.85	-1.18
MSMEG_3795	-3.95	-6.7	-1.2	-1.2
MSMEG_3796	-3.3457	-2.9083	-3.3583	-3.8091
MSMEG_3800	-3.3	-5.4	-1.5	-2.7
MSMEG_3802	-3.3	-2.52	-3.35	-4.225
MSMEG_3803	-2.9	-3.8	-2.0	-2.0
MSMEG_3808	-3.18	-3.9	-3.8	-0.5
MSMEG_3831	-3.45	-2.56	-4.3267	-3.4643
MSMEG_3833	-1.04	-1.725	-0.875	0.0
MSMEG_3835	-3.25	-3.9	-2.1571	-3.6
MSMEG_3854	-2.425	-4.6	0.0	-2.0333
MSMEG_3855	-2.676	-2.3222	-3.4667	-2.1143
MSMEG_3856	-0.35	-0.7	0.0	0.0
MSMEG_3858	-1.525	-1.7	-1.35	0.0
MSMEG_3861	-3.2125	-3.1	-5.4667	0.0
MSMEG_3869	-3.2051	-3.4929	-3.7769	-2.25
MSMEG_3877	-2.8357	-1.34	-3.46	-3.925
MSMEG_3896	-2.4333	-3.65	0.0	0.0
MSMEG_3901	0.0	0.0	0.0	0.0
MSMEG_3902	-2.15	-4.3	0.0	0.0
MSMEG_3904	-4.2125	-3.6833	-5.8667	-2.525
MSMEG_3916	-0.8545	0.0	-1.1	-1.6667
MSMEG_3919	-2.0864	-2.275	-2.5143	-1.4429
MSMEG_3930	-3.2727	-4.95	-2.225	-2.4333
MSMEG_3958	-2.48	-3.2	-1.45	-3.1
MSMEG_3959	-1.9	-2.3	-1.1	-1.1
MSMEG_3960	-2.96	-1.45	-2.1667	-5.7667
MSMEG_3962	-1.8111	-2.975	-1.3667	-0.15
MSMEG_3965	-1.195	-1.7571	-1.0714	-0.6833
MSMEG_3975	0.0	0.0	0.0	0.0
MSMEG_3977	-0.3667	-0.55	0.0	0.0
MSMEG_3980	-2.575	0.0	-10.3	0.0
MSMEG_3988	-0.25	-0.5	0.0	0.0
MSMEG_4029	-0.45	-0.1	-0.8	-0.8
MSMEG_4030	-1.65	-2.5	-0.8	0.0
MSMEG_4037	-2.1704	-1.21	-2.8333	-2.625
MSMEG_4038	-1.5875	-4.1	-0.1333	0.0
MSMEG_4041	-1.25	-1.55	-1.0	-0.9
MSMEG_4042	-1.9	-2.4333	-1.5	-1.7667
MSMEG_4052	-1.7826	-2.0375	-1.375	-1.9571
MSMEG_4053	-1.64	-1.75	-2.35	0.0
MSMEG_4055	-2.6812	-3.8167	-0.9167	-3.625
MSMEG_4057	-2.74	-1.5	-3.8	-3.1
MSMEG_4067	-1.5	-1.3	-1.9	-1.9
MSMEG_4068	-1.9516	-1.3091	-1.4	-3.21
MSMEG_4071	-1.6125	-1.1667	-3.0	-0.2
MSMEG_4079	-3.33	-2.525	-3.95	-3.7
MSMEG_4081	-2.5778	-4.0667	-2.1333	-1.5333
MSMEG_4085	-1.6214	-1.12	-1.62	-2.25
MSMEG_4087	-2.5667	-3.04	-2.625	-1.7
MSMEG_4088	-3.0625	-2.7333	-1.9	-5.3
MSMEG_4090	-2.25	-4.85	-1.2667	0.0
MSMEG_4108	-2.9531	-4.4727	-1.8909	-2.45
MSMEG_4109	-2.4036	-0.95	-2.31	-4.3375
MSMEG_4113	-3.8053	-4.9571	-3.8143	-2.18
MSMEG_4116	-2.8214	-1.85	-3.3222	-3.4
MSMEG_4120	-2.48	-3.3	-2.0	-1.85
MSMEG_4123	-0.9333	-1.05	-1.1667	0.0
MSMEG_4126	-1.95	-3.9	0.0	0.0
MSMEG_4128	-5.2	-6.1	-4.3	-4.3
MSMEG_4130	-0.9	-1.8	0.0	0.0
MSMEG_4132	-1.275	-1.24	-2.1	-0.2333
MSMEG_4133	-2.8643	-2.14	-3.72	-2.7
MSMEG_4143	-1.0667	-0.65	-1.9	-1.9
MSMEG_4145	-2.9	-3.5	-1.7	-1.7
MSMEG_4151	-2.4	-1.5	-3.9667	-1.8833
MSMEG_4153	-0.275	-0.3	-0.25	-0.5
MSMEG_4155	-2.0643	-2.39	-1.9444	-1.8222
MSMEG_4160	-2.2034	-1.54	-3.19	-1.8444
MSMEG_4161	-1.1739	-1.875	-0.4875	-1.1571
MSMEG_4163	-3.4125	-3.2909	-4.0182	-2.88
MSMEG_4165	-3.1179	-3.6154	-2.95	-2.775
MSMEG_4166	-2.3356	-2.9875	-2.08	-1.8643
MSMEG_4180	-3.284	-3.9111	-3.575	-2.2875
MSMEG_4185	-2.2714	-3.9667	-0.85	-1.15
MSMEG_4196	-2.3333	-3.5	0.0	0.0
MSMEG_4197	-1.3417	-1.88	-0.55	-1.5
MSMEG_4199	-0.6	-1.8	0.0	0.0
MSMEG_4215	-2.15	-4.3	0.0	0.0
MSMEG_4218	-1.7375	-3.1	-1.5333	0.0
MSMEG_4219	0.0	0.0	0.0	0.0
MSMEG_4222	-1.0875	-0.9	-0.8333	-1.75
MSMEG_4225	-1.9286	-2.7667	-1.5	-1.1
MSMEG_4226	-4.14	-2.725	-6.2667	-3.9
MSMEG_4228	-3.5318	-2.4625	-4.475	-3.7
MSMEG_4230	-3.1136	-3.275	-2.3375	-3.9333
MSMEG_4232	-3.2468	-3.8125	-2.3938	-3.5533
MSMEG_4235	-2.6931	-1.96	-2.24	-4.0111
MSMEG_4236	-3.0833	-4.45	-2.05	-2.75
MSMEG_4237	-1.7111	-1.275	-1.7333	-2.55
MSMEG_4238	-1.7813	-2.2182	-0.6636	-2.53
MSMEG_4240	-1.625	-3.2	-0.1	0.0
MSMEG_4245	-3.0343	-3.55	-2.8667	-2.6545
MSMEG_4246	-3.4625	-3.8875	-3.5556	-2.8571
MSMEG_4248	-8.0	-8.0	-8.0	-8.0
MSMEG_4249	-3.1714	-2.6667	-3.75	-3.35
MSMEG_4251	-4.2	-2.95	-6.7	-6.7
MSMEG_4256	-2.4875	-3.0909	-2.8182	-1.46
MSMEG_4257	-0.6	-1.2	0.0	0.0
MSMEG_4261	-2.885	-3.1357	-3.0643	-2.3833
MSMEG_4264	-1.9933	-1.64	-3.05	-0.85
MSMEG_4268	-2.6333	-3.95	0.0	0.0
MSMEG_4270	-3.05	-3.3222	-3.3875	-2.3143
MSMEG_4272	-2.9833	-2.5667	-4.75	-0.7
MSMEG_4274	-3.1136	-4.0125	-3.0143	-2.1857
MSMEG_4283	-1.8429	-2.6667	-0.9	-2.2
MSMEG_4284	-3.2462	-4.22	-2.475	-2.8
MSMEG_4298	-1.76	-2.7	-1.7	0.0
MSMEG_4302	-1.15	-0.9	-1.4	-1.4
MSMEG_4307	-3.3944	-4.3714	-1.9667	-3.74
MSMEG_4313	-0.3	-0.6	0.0	0.0
MSMEG_4320	-3.3865	-2.5615	-3.75	-3.9167
MSMEG_4321	-1.72	-0.45	-2.95	-1.8
MSMEG_4323	-0.2	-0.4	0.0	0.0
MSMEG_4326	-3.5935	-3.0636	-4.1818	-3.5222
MSMEG_4336	-2.0571	-1.0667	-2.1	-3.5
MSMEG_4347	-1.8333	-2.4	-1.55	-1.6
MSMEG_4359	-2.9435	-2.7312	-3.3133	-2.8
MSMEG_4360	-5.275	-7.2	-6.7	0.0
MSMEG_4361	-1.2	-3.6	0.0	0.0
MSMEG_4365	-1.2	-1.15	-1.3	-1.3
MSMEG_4366	-3.72	-1.2	-5.85	-4.5
MSMEG_4367	-3.0818	-2.65	-4.75	-1.4333
MSMEG_4371	-2.9586	-2.42	-2.96	-3.5556
MSMEG_4383	-0.65	-1.3	0.0	0.0
MSMEG_4385	-3.3	-2.3333	-5.25	-2.3
MSMEG_4392	-2.175	-2.4667	-2.7333	-0.9
MSMEG_4395	-3.25	-6.5	0.0	0.0
MSMEG_4396	-1.05	-2.1	0.0	0.0
MSMEG_4399	-2.885	-3.1429	-3.0143	-2.4333
MSMEG_4402	-2.7333	-3.1667	-2.95	-1.65
MSMEG_4410	-5.16	-5.95	-4.75	-4.4
MSMEG_4430	-2.625	-4.5	-1.6	-0.8667
MSMEG_4449	0.0	0.0	0.0	0.0
MSMEG_4450	0.0	0.0	0.0	0.0
MSMEG_4453	-3.5806	-3.2545	-4.46	-3.06
MSMEG_4460	-3.4256	-3.0467	-3.7867	-3.4462
MSMEG_4461	-0.8667	-1.0	-0.6	-0.6
MSMEG_4476	-3.025	-1.1	-4.95	-3.5
MSMEG_4480	-3.1467	-3.2833	-3.32	-2.725
MSMEG_4481	-3.7136	-3.825	-4.9	-2.4
MSMEG_4497	-0.5	-1.0	0.0	0.0
MSMEG_4499	0.0	0.0	0.0	0.0
MSMEG_4504	-1.76	-2.28	-2.1	-0.9
MSMEG_4507	-1.4	-1.8	-0.6	-0.6
MSMEG_4527	-2.215	-3.5143	-0.6714	-2.5
MSMEG_4533	-2.3632	-2.9	-3.8	-0.3
MSMEG_4536	-1.9053	-2.0571	-3.45	-0.1833
MSMEG_4550	-2.9412	-4.2	-2.8	-1.6
MSMEG_4555	-2.5949	-2.1692	-3.0571	-2.5167
MSMEG_4559	-2.5516	-2.2364	-3.04	-2.41
MSMEG_4561	-2.45	-1.38	-3.85	-2.3667
MSMEG_4564	-1.6333	-2.3	-1.0	-0.9
MSMEG_4565	-2.7824	-2.95	-1.8667	-3.68
MSMEG_4571	-2.64	-6.2	-0.4	0.0
MSMEG_4580	-1.0	-0.65	-1.5667	0.0
MSMEG_4595	-1.8067	-0.5333	-2.64	-2.675
MSMEG_4598	-3.5486	-3.0917	-4.3	-3.2273
MSMEG_4599	-3.5375	-1.2222	-5.1125	-4.7143
MSMEG_4604	-1.85	-1.95	-2.4	0.0
MSMEG_4614	-2.45	-3.0364	-2.2727	-2.0
MSMEG_4618	-0.35	0.0	-0.7	-0.7
MSMEG_4625	-3.0333	-5.2	-0.5333	-2.45
MSMEG_4626	-2.6864	-2.8	-2.2143	-3.0286
MSMEG_4628	-3.3424	-3.5417	-2.5182	-4.01
MSMEG_4631	0.0	0.0	0.0	0.0
MSMEG_4640	-2.675	-1.9	-5.0333	-0.3
MSMEG_4643	-3.535	-3.7143	-4.2286	-2.5167
MSMEG_4645	-1.9083	-2.8	-1.0	-1.6333
MSMEG_4646	-2.41	-2.05	-3.7667	-1.5333
MSMEG_4647	-1.1571	-1.6333	-1.1	-0.5
MSMEG_4655	-0.85	-0.75	-1.9	0.0
MSMEG_4657	-2.7	-4.05	0.0	0.0
MSMEG_4658	-3.42	-5.45	-2.4	-1.4
MSMEG_4659	-2.6667	-7.0	-1.0	0.0
MSMEG_4661	-2.75	-2.2	-5.8	-0.8
MSMEG_4671	-2.95	-2.875	-4.32	-0.7667
MSMEG_4673	0.0	0.0	0.0	0.0
MSMEG_4679	-2.9533	-3.1	-2.6533	-3.1071
MSMEG_4689	-1.9333	-1.1	-2.35	0.0
MSMEG_4694	-1.9	-1.9	-0.2	-5.3
MSMEG_4698	-2.2667	-3.05	-2.3333	-0.6
MSMEG_4699	-2.625	-3.3333	-1.5667	-3.15
MSMEG_4700	-2.9667	-5.4	-2.3333	0.0
MSMEG_4705	-4.55	-7.5	-1.6	-1.6
MSMEG_4712	-3.3	-2.16	-3.04	-5.6333
MSMEG_4718	0.0	0.0	0.0	0.0
MSMEG_4723	-2.08	-2.5143	-1.1429	-2.6667
MSMEG_4737	-2.4704	-2.73	-2.5778	-2.025
MSMEG_4738	-3.3308	-2.82	-4.34	-2.5
MSMEG_4740	-3.3	-4.95	0.0	0.0
MSMEG_4742	-1.125	-1.4	-1.7	0.0
MSMEG_4743	-1.675	-3.35	0.0	0.0
MSMEG_4748	-1.5667	-1.8667	-1.9	0.0
MSMEG_4751	-1.775	-0.4	-3.15	-6.3
MSMEG_4752	0.0	0.0	0.0	0.0
MSMEG_4753	-2.5667	-3.9	-1.9	0.0
MSMEG_4763	-2.5476	-3.1	-1.8875	-2.7833
MSMEG_4767	0.0	0.0	0.0	0.0
MSMEG_4771	-2.1667	-2.0	-2.1714	-2.3833
MSMEG_4776	0.0	0.0	0.0	0.0
MSMEG_4779	-3.4	-5.1	0.0	0.0
MSMEG_4784	-2.95	-0.5	-5.4	-5.4
MSMEG_4791	-2.7333	-3.1667	-2.95	-1.65
MSMEG_4800	-2.85	-0.65	-5.05	-6.5
MSMEG_4804	-1.25	-2.5	0.0	0.0
MSMEG_4807	-3.5545	-6.125	-1.35	-3.0667
MSMEG_4829	-1.7667	-2.65	0.0	0.0
MSMEG_4835	-3.5171	-3.7929	-4.4357	-2.2308
MSMEG_4839	-1.95	-0.65	-2.7667	-2.1
MSMEG_4847	0.0	0.0	0.0	0.0
MSMEG_4849	-1.725	-1.35	-4.2	0.0
MSMEG_4868	0.0	0.0	0.0	0.0
MSMEG_4880	-2.6647	-2.6833	-2.7667	-2.52
MSMEG_4891	-0.8	-1.2	0.0	0.0
MSMEG_4904	-2.5	-3.9	-2.3	-0.1
MSMEG_4907	-3.8381	-4.3625	-4.4714	-2.4
MSMEG_4916	-3.0	-2.8	-4.7	0.0
MSMEG_4917	-3.1946	-3.3615	-2.8333	-3.375
MSMEG_4926	-2.5267	-2.2	-4.14	-1.0
MSMEG_4927	-2.7333	-3.1667	-2.95	-1.65
MSMEG_4933	-3.869	-4.53	-3.21	-3.8667
MSMEG_4938	-2.17	-1.9	-4.6	-0.1
MSMEG_4939	-2.8676	-2.5846	-3.6462	-2.2818
MSMEG_4941	-1.481	-1.85	-2.1714	-0.1833
MSMEG_4943	-2.4	-1.6	-2.7	-3.1
MSMEG_4945	-2.4421	-3.2429	-2.3857	-1.4
MSMEG_4946	-2.4286	-2.86	-2.1	-2.3
MSMEG_4951	-3.9	-4.45	-4.9	-0.8
MSMEG_4953	0.0	0.0	0.0	0.0
MSMEG_4954	-4.125	-2.8429	-6.5571	-2.7833
MSMEG_4956	-3.7368	-3.9385	-3.6462	-3.6167
MSMEG_4958	-3.9286	-2.32	-4.9	-4.725
MSMEG_4961	-5.6333	-4.3	-8.3	-8.3
MSMEG_4971	-2.8175	-2.4357	-3.55	-2.4083
MSMEG_4979	-0.7	-0.8	-0.6	-0.6
MSMEG_4989	-2.9436	-4.9786	-2.2231	-1.35
MSMEG_4991	-2.225	-3.1	-1.35	-0.2
MSMEG_4993	-3.25	-2.7833	-3.7545	-3.2545
MSMEG_5000	-2.3323	-2.4091	-3.72	-0.86
MSMEG_5004	-0.4333	-1.3	0.0	0.0
MSMEG_5016	-1.8158	-2.8429	-1.3	-1.1333
MSMEG_5048	-2.3	-3.4	-2.4	0.0
MSMEG_5049	-2.125	-1.5667	-3.6	-0.75
MSMEG_5053	-1.9	-1.7	-2.1	-2.1
MSMEG_5054	-3.23	-1.9909	-3.41	-4.5444
MSMEG_5057	-3.1718	-3.2429	-3.6923	-2.525
MSMEG_5059	-2.5182	-3.575	-1.675	-2.2333
MSMEG_5060	-3.2308	-2.8556	-4.4556	-2.275
MSMEG_5061	-6.075	-5.95	-6.2	-0.9
MSMEG_5062	-1.4333	-2.4	-0.1667	-1.4
MSMEG_5067	-1.4	-0.8	-1.7	0.0
MSMEG_5070	-0.85	-1.7	0.0	0.0
MSMEG_5072	-1.325	-0.3	0.0	-4.7
MSMEG_5073	-1.6429	-1.78	-1.44	-1.725
MSMEG_5080	-2.3659	-2.65	-2.5143	-1.9
MSMEG_5081	-3.2375	-0.6333	-3.9333	-6.1
MSMEG_5086	-1.8	-1.8	-1.8	-1.8
MSMEG_5090	-1.5077	-1.5111	-1.3889	-1.6375
MSMEG_5091	-1.9133	-1.7273	-1.97	-2.0778
MSMEG_5100	-0.875	-1.55	-0.2	-0.4
MSMEG_5102	-2.56	-1.3	-5.1	0.0
MSMEG_5111	-2.7	-2.7	-2.7	0.0
MSMEG_5119	-2.775	-3.3273	-3.1273	-1.78
MSMEG_5122	-2.275	-3.0	0.0	-3.1
MSMEG_5124	-3.1	-6.2	0.0	0.0
MSMEG_5127	-0.7	-1.4	-0.35	0.0
MSMEG_5128	-3.0833	-0.9	-5.5	-0.2
MSMEG_5131	-0.5	0.0	-1.0	-1.0
MSMEG_5134	-1.7667	-2.0667	-2.2	0.0
MSMEG_5144	-1.75	-2.4	-1.65	0.0
MSMEG_5145	-3.3375	-3.7	-1.2667	-5.9
MSMEG_5149	-0.475	0.0	-0.7	-1.2
MSMEG_5154	-3.0778	-2.2938	-3.4733	-3.55
MSMEG_5159	-2.2857	-1.0333	-2.8	-3.65
MSMEG_5162	-2.919	-3.8286	-2.7067	-2.1846
MSMEG_5165	-2.5	-2.5	-2.5	-2.5
MSMEG_5173	-2.0182	-3.075	-0.925	-2.0667
MSMEG_5184	-1.3	-2.6	0.0	0.0
MSMEG_5196	-2.85	-4.65	-2.5667	-0.7333
MSMEG_5199	-5.15	-5.1	-5.2	-5.2
MSMEG_5207	-2.9297	-3.7462	-1.8417	-3.1333
MSMEG_5208	-2.9889	-6.1667	-1.675	-0.85
MSMEG_5211	-2.3917	-1.24	-4.4	-1.6333
MSMEG_5216	-1.75	-2.2	-1.3	-1.3
MSMEG_5219	-1.5571	-2.1333	-1.4	-0.85
MSMEG_5220	-3.0625	-3.8727	-2.6455	-2.63
MSMEG_5229	-2.1964	-0.85	-2.2889	-3.6
MSMEG_5231	-1.9077	-2.14	-2.175	-1.35
MSMEG_5233	-2.5846	-2.76	-3.02	-1.5667
MSMEG_5236	-3.2333	-4.85	0.0	0.0
MSMEG_5241	-3.3611	-4.0429	-3.85	-1.82
MSMEG_5261	-3.75	-5.2333	-3.1667	-2.4
MSMEG_5263	-2.9333	-3.38	-3.35	-1.6333
MSMEG_5268	-3.13	-3.4	-2.2857	-3.8
MSMEG_5271	-1.9	-1.4	-2.4	-2.4
MSMEG_5275	-2.35	-4.7	0.0	0.0
MSMEG_5278	-3.245	-2.9143	-4.7692	-2.0769
MSMEG_5280	-1.65	-1.4667	-2.9333	0.0
MSMEG_5287	-3.2	-3.4	-3.0	-3.0
MSMEG_5288	-1.6316	-1.5714	-1.3	-2.0333
MSMEG_5292	-1.3667	-2.05	0.0	0.0
MSMEG_5301	-1.8	-0.4	-2.5	0.0
MSMEG_5302	-0.4	-0.8	0.0	0.0
MSMEG_5303	-0.8875	-1.0	-0.8333	-0.8
MSMEG_5308	-1.9343	-1.7	-1.2083	-2.9818
MSMEG_5318	-2.325	-2.8667	-1.5	-2.75
MSMEG_5324	-2.7382	-1.75	-3.9583	-2.46
MSMEG_5327	-0.45	0.0	-0.9	-0.9
MSMEG_5328	-1.2267	-0.6333	-0.96	-2.45
MSMEG_5329	-4.5176	-3.5333	-4.6833	-5.5
MSMEG_5333	0.0	0.0	0.0	0.0
MSMEG_5338	-0.8	-1.15	-0.85	0.0
MSMEG_5346	-2.5286	-0.7333	-5.6	-2.15
MSMEG_5347	-2.3286	-2.7	-2.7	-0.1
MSMEG_5354	-2.02	-3.05	-2.0	0.0
MSMEG_5355	-1.9333	-1.98	-0.55	-3.7
MSMEG_5360	-2.881	-4.1733	-2.35	-1.9615
MSMEG_5368	-3.95	-3.6	-3.3	-4.95
MSMEG_5370	-3.9455	-2.5375	-3.9857	-5.5143
MSMEG_5372	-2.525	-2.15	-3.3	-2.5
MSMEG_5376	-2.4778	-3.19	-2.5889	-1.4625
MSMEG_5378	-2.1679	-1.3	-2.3889	-2.9111
MSMEG_5379	-2.7333	-3.1667	-2.95	-1.65
MSMEG_5388	-1.1333	-1.6	-0.9	0.0
MSMEG_5397	-1.4167	-0.9	-2.5	-0.85
MSMEG_5401	-3.4	-2.05	-7.9	-1.6
MSMEG_5406	-1.8333	-1.45	-2.05	-2.0
MSMEG_5409	-2.5485	-1.45	-3.8	-2.49
MSMEG_5412	-5.4	-8.1	0.0	0.0
MSMEG_5414	-3.7762	-3.3375	-3.5286	-4.65
MSMEG_5415	-1.05	-2.1	0.0	0.0
MSMEG_5416	-3.4833	-3.9556	-3.4875	-2.8714
MSMEG_5418	-2.775	-4.5	-2.1	0.0
MSMEG_5420	-2.9	-3.5	-2.075	-2.975
MSMEG_5429	-2.7839	-2.3182	-3.6909	-2.2444
MSMEG_5431	-2.16	-3.825	-0.6	-1.5
MSMEG_5435	-2.7852	-2.9667	-2.33	-3.15
MSMEG_5438	-3.0167	-2.92	-4.65	-1.0
MSMEG_5439	-1.62	-3.1	-0.95	0.0
MSMEG_5444	-2.24	-2.5	-3.1	0.0
MSMEG_5460	-0.5667	0.0	-1.7	-1.7
MSMEG_5462	-9.3	-9.3	-9.3	-9.3
MSMEG_5468	-3.8	-3.05	-4.55	-2.0
MSMEG_5470	-2.6	-2.6	-3.0	-2.0667
MSMEG_5480	-2.65	0.0	-5.3	-5.3
MSMEG_5481	-2.7091	-2.425	-2.4909	-3.29
MSMEG_5482	-1.9	-3.8	0.0	0.0
MSMEG_5483	-2.6308	-0.96	-3.04	-4.7333
MSMEG_5486	-1.5125	-2.6167	-1.15	-0.4
MSMEG_5489	-2.175	-3.75	-0.6	-0.2
MSMEG_5500	-3.1667	-2.5	-3.6692	-3.4
MSMEG_5502	0.0	0.0	0.0	0.0
MSMEG_5503	-2.2628	-1.8867	-2.9143	-2.0143
MSMEG_5507	-1.7333	-1.6333	-2.6	-0.3
MSMEG_5515	-2.5818	-2.0	-4.3	-1.0667
MSMEG_5517	-3.3667	-3.55	-3.0	-3.0
MSMEG_5518	-5.0667	-5.0	-6.6	-2.2
MSMEG_5525	-2.23	-2.775	-2.675	-0.25
MSMEG_5536	-3.4714	-4.76	-2.62	-2.925
MSMEG_5543	-2.6333	-4.0333	-2.0875	-1.4571
MSMEG_5556	-1.0	-1.55	-0.95	0.0
MSMEG_5557	-3.1	-3.2	-2.9	-2.9
MSMEG_5558	-3.0333	-2.6	-3.9	-3.9
MSMEG_5559	-2.3791	-3.26	-2.0714	-1.7429
MSMEG_5579	-2.16	-2.3	-2.5077	-1.6615
MSMEG_5601	-2.0579	-2.0857	-1.4429	-2.88
MSMEG_5607	0.0	0.0	0.0	0.0
MSMEG_5610	-3.3062	-3.3167	-3.7333	-2.65
MSMEG_5611	-5.1	-7.1	-6.0	-0.2
MSMEG_5612	-3.93	-4.775	-3.925	-2.25
MSMEG_5617	-1.95	-0.6	-3.3	-3.5
MSMEG_5634	-1.9059	-2.1667	-1.8667	-1.64
MSMEG_5636	-1.975	-0.95	-6.0	0.0
MSMEG_5641	-2.0333	-1.95	-2.2	-2.2
MSMEG_5646	-2.4538	-2.6071	-3.0692	-1.6083
MSMEG_5649	-1.2667	-1.7333	-1.2	0.0
MSMEG_5651	0.0	0.0	0.0	0.0
MSMEG_5656	-2.5532	-2.7875	-2.8188	-2.02
MSMEG_5658	-3.2442	-3.3267	-3.9286	-2.4714
MSMEG_5660	-3.8424	-4.3667	-3.6636	-3.41
MSMEG_5661	-2.6556	-3.275	-2.3333	-1.9
MSMEG_5672	-2.375	-1.9	-2.85	0.0
MSMEG_5680	-1.98	-2.6	-1.8	-1.1
MSMEG_5682	-0.6286	-0.9	-0.85	0.0
MSMEG_5690	-3.0333	-4.25	-0.6	-0.6
MSMEG_5694	-3.06	-2.25	-3.925	-2.95
MSMEG_5696	-4.4	-4.4	-4.4	-4.4
MSMEG_5699	-1.9625	-2.9	-2.1	-0.35
MSMEG_5700	-3.1087	-2.925	-3.2875	-3.1143
MSMEG_5702	-0.45	0.0	-0.9	-0.6
MSMEG_5703	-2.5	-2.35	-2.6833	-2.46
MSMEG_5704	-4.2667	-0.6	-9.7	-2.5
MSMEG_5708	-2.2735	-2.6833	-2.6	-1.5
MSMEG_5709	-1.531	-1.53	-2.02	-0.9889
MSMEG_5710	-2.0682	-2.425	-0.8143	-2.9143
MSMEG_5713	-6.1	-12.2	0.0	0.0
MSMEG_5721	-3.14	-3.4	-4.45	0.0
MSMEG_5722	-3.55	-4.575	-1.9429	-3.9857
MSMEG_5727	-3.8438	-4.9333	-2.98	-3.4
MSMEG_5730	-0.6	-0.15	-1.05	-2.1
MSMEG_5749	-0.4333	-0.4	-0.5	-0.5
MSMEG_5750	-1.5562	-1.15	-1.44	-2.16
MSMEG_5764	-3.1286	-0.5	-8.7	-1.5
MSMEG_5768	-3.2	-7.15	-1.6333	0.0
MSMEG_5769	-3.8444	-4.775	-3.3	-2.8
MSMEG_5771	-0.32	-0.5	0.0	-0.6
MSMEG_5775	-3.1939	-2.6182	-3.7091	-3.2545
MSMEG_5778	-1.3333	-1.75	-0.5	-0.5
MSMEG_5782	-1.85	-1.4	-2.3	-2.3
MSMEG_5784	-3.3375	-4.0333	-1.8667	-4.5
MSMEG_5786	-1.1667	0.0	-1.75	-0.7
MSMEG_5788	-3.4562	-3.6333	-4.2167	-2.05
MSMEG_5797	-1.1	-0.8	-1.05	-1.8
MSMEG_5811	-2.5	-3.75	0.0	0.0
MSMEG_5812	-2.575	-1.2	-3.95	-3.7
MSMEG_5816	-1.8857	-2.4333	-2.3	-0.65
MSMEG_5828	-2.6727	-1.7	-2.95	-3.6
MSMEG_5831	-2.1909	-2.9625	-1.4714	-2.0286
MSMEG_5848	-3.2381	-4.1857	-3.2625	-2.1
MSMEG_5851	-3.4773	-3.7667	-4.2733	-2.3143
MSMEG_5853	-3.7	-3.7	-3.7	-3.7
MSMEG_5855	-2.55	-2.0667	-4.1	-0.95
MSMEG_5859	-5.45	-8.8	-2.1	-2.1
MSMEG_5866	-0.45	-0.9	0.0	0.0
MSMEG_5876	-2.9333	-4.24	-1.375	-2.8333
MSMEG_5878	-0.75	-1.5	0.0	0.0
MSMEG_5879	-2.9286	-2.3	-5.85	-0.95
MSMEG_5887	-1.1429	-1.6667	-1.5	0.0
MSMEG_5889	-3.2	-3.2	-3.2	-3.2
MSMEG_5894	-2.8812	-4.2167	-2.22	-1.94
MSMEG_5902	-2.96	-3.575	-3.7	-1.4
MSMEG_5904	-5.5	-8.6	-2.4	-2.4
MSMEG_5906	-1.2	-2.1	-0.3	-0.3
MSMEG_5912	-0.3	-0.3	-0.3	-0.3
MSMEG_5916	-0.9667	-1.0667	-0.8	-1.0
MSMEG_5920	-3.3682	-3.7375	-3.1	-3.2143
MSMEG_5929	-0.05	0.0	-0.1	-0.1
MSMEG_5933	-0.95	-1.75	0.0	-0.3
MSMEG_5937	-3.7857	-3.9	-6.15	-1.25
MSMEG_5940	-2.4429	-5.46	-0.64	-0.925
MSMEG_5943	-3.1545	-2.975	-2.525	-4.2333
MSMEG_5944	-2.8	-2.6333	-4.7	-0.2
MSMEG_5952	-3.1889	-3.3062	-2.3933	-3.9071
MSMEG_5956	-3.7	-4.22	-2.05	-5.0333
MSMEG_5959	-2.5105	-2.7692	-2.5	-2.2417
MSMEG_5962	-2.372	-2.1	-2.2	-2.85
MSMEG_5967	-2.8	-3.95	-2.4667	-1.0
MSMEG_5969	-1.365	-1.5571	-1.2571	-1.2667
MSMEG_5971	-2.219	-2.45	-2.0857	-2.0667
MSMEG_5976	-0.7833	-0.75	-1.0667	0.0
MSMEG_5981	-2.7182	-1.35	-3.4375	-3.5833
MSMEG_5988	-2.99	-4.35	-3.5	-0.6667
MSMEG_5997	-3.9438	-5.0	-2.9333	-3.875
MSMEG_6001	-2.15	-2.5	-1.8	-1.8
MSMEG_6006	-2.8357	-1.6	-4.48	-2.325
MSMEG_6010	-2.8818	-2.0	-4.0	-2.5667
MSMEG_6018	-2.6667	-4.0	0.0	0.0
MSMEG_6019	-2.2174	-1.575	-1.475	-3.8
MSMEG_6020	-2.4857	-3.16	-2.0	-2.25
MSMEG_6021	0.0	0.0	0.0	0.0
MSMEG_6022	0.0	0.0	0.0	0.0
MSMEG_6024	-3.0211	-2.4714	-3.2667	-3.4167
MSMEG_6027	-2.35	-3.35	-2.4667	0.0
MSMEG_6032	-2.6	-2.6	-2.3	-3.2
MSMEG_6033	0.0	0.0	0.0	0.0
MSMEG_6039	-1.1143	-0.66	-2.42	-0.05
MSMEG_6042	-2.4556	-1.7667	-1.6	-4.48
MSMEG_6064	-3.3462	-3.3	-2.98	-4.0333
MSMEG_6073	-3.46	-2.35	-6.3	0.0
MSMEG_6076	-2.7833	-2.5125	-4.2556	-1.2
MSMEG_6083	-0.475	-0.7	-0.25	0.0
MSMEG_6090	-2.01	-3.4	-1.0667	-1.1
MSMEG_6091	-1.92	-1.75	-2.6	-0.9
MSMEG_6092	-1.175	-1.4	-0.7	-1.2
MSMEG_6098	-2.6	-4.35	-2.15	0.0
MSMEG_6104	-4.3111	-4.775	-4.9333	-2.45
MSMEG_6105	-2.74	-0.95	-5.9	0.0
MSMEG_6112	-3.2071	-2.37	-4.68	-2.4125
MSMEG_6113	-5.45	-2.9	-8.0	-8.0
MSMEG_6114	-4.34	-7.65	-3.2	0.0
MSMEG_6131	-1.22	-0.6	-2.45	0.0
MSMEG_6136	-3.2	-2.9	-5.125	-1.0333
MSMEG_6145	-3.2636	-1.375	-4.175	-4.5667
MSMEG_6148	-2.1576	-1.9583	-2.4727	-2.05
MSMEG_6149	-2.7333	-3.1667	-2.95	-1.65
MSMEG_6156	-2.7333	-3.1667	-2.95	-1.65
MSMEG_6157	-5.45	-10.9	0.0	0.0
MSMEG_6159	-3.2312	-3.3833	-2.2	-4.55
MSMEG_6160	-3.0667	-7.3	-1.9	0.0
MSMEG_6162	-2.7333	-3.1667	-2.95	-1.65
MSMEG_6171	-3.3975	-3.45	-2.65	-4.2083
MSMEG_6180	-1.82	-3.15	-1.4	0.0
MSMEG_6185	-2.4857	-1.9667	-5.45	-0.3
MSMEG_6199	-3.91	-3.2	-5.7333	-3.0333
MSMEG_6201	-2.9973	-2.3923	-3.6923	-2.8909
MSMEG_6219	-2.6778	-4.25	-1.4667	-1.35
MSMEG_6221	-1.95	-1.5571	-1.5	-2.9333
MSMEG_6227	-2.3	-4.6	0.0	0.0
MSMEG_6229	-1.0	-1.0	-1.0	-1.0
MSMEG_6237	-2.3773	-2.925	-1.7714	-2.3571
MSMEG_6239	-2.85	-3.9	-1.8	-1.8
MSMEG_6240	-3.9846	-1.76	-5.44	-5.2667
MSMEG_6241	-2.0778	-2.1714	-2.0167	-2.02
MSMEG_6242	-4.25	-8.5	0.0	0.0
MSMEG_6245	-2.6667	-2.38	-4.175	-1.1333
MSMEG_6250	-4.0	-1.9	-6.1	-6.1
MSMEG_6254	-2.26	-3.675	-2.3333	-0.3
MSMEG_6257	0.0	0.0	0.0	0.0
MSMEG_6259	-4.5	-9.0	0.0	0.0
MSMEG_6266	-1.36	-1.95	-0.35	-2.2
MSMEG_6270	-3.0742	-2.0091	-4.04	-3.28
MSMEG_6271	-3.92	-5.325	-3.7	-2.2667
MSMEG_6280	-0.98	-2.275	-0.2333	0.0
MSMEG_6282	-3.36	-6.5	-1.9	0.0
MSMEG_6286	-3.8385	-3.66	-5.1	-2.8
MSMEG_6291	0.0	0.0	0.0	0.0
MSMEG_6314	-2.8424	-4.7833	-1.7909	-1.67
MSMEG_6316	-0.5333	0.0	-0.8	-0.8
MSMEG_6334	-2.263	-2.21	-2.7333	-1.8
MSMEG_6340	-2.4333	-0.7	-6.3	-0.3
MSMEG_6348	0.0	0.0	0.0	0.0
MSMEG_6352	-2.8556	-1.5333	-2.025	-6.5
MSMEG_6354	-3.366	-3.6938	-2.8562	-3.56
MSMEG_6356	-2.3818	-2.1	-4.275	-0.2333
MSMEG_6358	-2.1733	-1.7727	-1.82	-3.0556
MSMEG_6363	-2.6222	-5.9333	-1.7	-0.2333
MSMEG_6365	-2.175	-2.3667	-3.4333	0.0
MSMEG_6369	-3.38	-5.4	-2.9	-0.3
MSMEG_6379	-3.6667	-5.7667	-2.4083	-2.825
MSMEG_6380	-2.7042	-2.15	-3.4222	-2.4143
MSMEG_6383	-2.8278	-2.5571	-4.0	-1.8
MSMEG_6386	-1.7667	-3.0	-1.15	0.0
MSMEG_6390	0.0	0.0	0.0	0.0
MSMEG_6391	-2.36	-3.45	-2.05	-0.8
MSMEG_6393	-3.7571	-4.6667	-2.8	-3.35
MSMEG_6394	-3.0692	-4.26	-4.55	-0.1
MSMEG_6398	-1.72	-0.5	-3.2	-1.2
MSMEG_6399	-3.38	-5.5	-2.95	0.0
MSMEG_6401	-0.95	-1.0	-0.9	-0.2
MSMEG_6405	-2.875	-2.0667	-4.7	-1.35
MSMEG_6408	-4.6103	-2.78	-5.99	-5.1111
MSMEG_6411	-2.8071	-2.94	-3.1	-2.275
MSMEG_6414	-0.6	-1.2	0.0	0.0
MSMEG_6416	-4.4444	-4.5	-4.5	-4.25
MSMEG_6426	-1.9833	-1.9667	-3.0	0.0
MSMEG_6427	-1.7	-3.4	0.0	0.0
MSMEG_6428	-4.8667	-6.65	-1.3	-1.3
MSMEG_6430	-2.6	-2.0	-3.75	-2.0667
MSMEG_6432	-0.2	-0.4	0.0	0.0
MSMEG_6433	-2.55	-2.4	-2.7	-2.7
MSMEG_6434	-1.425	-2.85	0.0	0.0
MSMEG_6438	-2.075	-1.45	-2.7	-0.4
MSMEG_6447	-1.5176	-1.8917	-1.0333	-1.65
MSMEG_6451	0.0	0.0	0.0	0.0
MSMEG_6452	-0.4	-0.8	0.0	0.0
MSMEG_6456	-0.9	-1.8	0.0	0.0
MSMEG_6457	0.0	0.0	0.0	0.0
MSMEG_6481	-2.7345	-2.19	-3.3	-2.7111
MSMEG_6484	-2.45	-2.0	-3.4333	-0.4
MSMEG_6487	-2.6643	-3.74	-2.14	-1.975
MSMEG_6497	-0.8833	-1.7	0.0	-0.2
MSMEG_6498	-0.9	-1.8	0.0	0.0
MSMEG_6508	-3.1167	-4.3714	-3.7	-0.66
MSMEG_6518	-1.6273	-1.475	-1.95	-1.4
MSMEG_6519	-4.1167	-4.7364	-3.98	-3.5111
MSMEG_6524	-3.63	-4.275	-4.6	-1.8
MSMEG_6528	-1.27	-0.7	-1.575	-1.8
MSMEG_6535	-5.4	-7.9	-4.15	-1.4
MSMEG_6538	-3.0538	-4.26	-1.95	-2.65
MSMEG_6540	-1.15	-2.3	0.0	0.0
MSMEG_6541	-1.3111	-0.85	-2.1	-1.05
MSMEG_6544	-3.2875	-2.0833	-4.65	-3.05
MSMEG_6552	-2.7	-2.7	-2.7	-3.5
MSMEG_6555	-1.74	-2.7	-1.65	0.0
MSMEG_6563	-3.7667	-5.65	0.0	0.0
MSMEG_6566	-3.3	-3.15	-3.45	-4.0
MSMEG_6568	-0.78	-0.6	-1.35	0.0
MSMEG_6577	-2.47	-4.1	-1.6	-1.1667
MSMEG_6579	-3.4	-2.6	-5.0	-5.0
MSMEG_6581	-2.22	-1.85	-3.7	0.0
MSMEG_6587	-0.3333	0.0	-0.5	0.0
MSMEG_6588	0.0	0.0	0.0	0.0
MSMEG_6603	-0.6	-0.6	-0.6	-0.6
MSMEG_6634	-3.85	-3.96	-4.9556	-2.6222
MSMEG_6636	-1.9	-3.8	0.0	0.0
MSMEG_6637	-2.3	-3.15	-1.45	0.0
MSMEG_6638	-3.6438	-3.4364	-3.5818	-3.94
MSMEG_6640	-3.1022	-3.4125	-2.94	-2.9333
MSMEG_6642	-3.35	-3.4222	-3.3667	-3.25
MSMEG_6649	-3.1033	-3.3182	-3.03	-2.9222
MSMEG_6650	-2.3062	-0.5	-3.8	-2.98
MSMEG_6654	-1.7667	-2.85	-1.2333	-0.4
MSMEG_6660	-1.25	-2.5	0.0	0.0
MSMEG_6663	-2.175	-2.75	-3.2	0.0
MSMEG_6686	-4.775	-7.15	-2.4	0.0
MSMEG_6690	-3.5375	-1.7333	-5.7	-3.0
MSMEG_6698	-2.725	-2.6	-2.8667	-2.7
MSMEG_6700	-2.46	-2.1	-4.05	0.0
MSMEG_6726	-4.075	-2.4	-5.2333	-4.85
MSMEG_6727	-1.1667	-2.1	-0.7	0.0
MSMEG_6730	0.0	0.0	0.0	0.0
MSMEG_6739	-2.0571	-3.2333	-1.5667	0.0
MSMEG_6740	-4.625	-5.6	-6.1	-1.2
MSMEG_6743	-0.3	-0.4	-0.2	-0.2
MSMEG_6744	-4.3556	-3.45	-6.5333	-2.9
MSMEG_6747	-1.85	-2.5	-1.2	-1.2
MSMEG_6754	-3.3	-4.5	-2.1	-2.1
MSMEG_6758	-1.5	-2.25	0.0	0.0
MSMEG_6759	-2.7978	-1.8	-3.2467	-3.4571
MSMEG_6760	-3.4625	-3.5182	-3.8636	-2.96
MSMEG_6761	-3.4	-3.7	-3.1	-1.2
MSMEG_6771	-2.2556	-2.5667	-3.15	0.0
MSMEG_6772	-0.7	-0.95	-0.2	-0.2
MSMEG_6781	-3.3771	-3.5667	-3.8417	-2.6636
MSMEG_6786	-3.0214	-3.42	-3.3286	-2.2308
MSMEG_6787	-3.64	-3.975	-4.525	-1.2
MSMEG_6789	-3.6429	-5.2667	-4.35	-0.5
MSMEG_6800	-3.79	-4.775	-4.225	-0.95
MSMEG_6802	-2.0286	-2.6667	-1.8	-1.3
MSMEG_6804	-4.8	-5.0	-4.6	-4.6
MSMEG_6808	-8.2	-8.2	-8.2	-8.2
MSMEG_6821	-3.475	-5.6	-1.8	-0.9
MSMEG_6822	-3.275	-4.5	-4.1	0.0
MSMEG_6843	-3.0917	-2.35	-3.925	-3.0
MSMEG_6861	-1.16	-1.9	-1.0	0.0
MSMEG_6865	-2.68	-4.125	-0.6333	-2.8
MSMEG_6874	-1.825	-0.55	-3.1	0.0
MSMEG_6881	0.0	0.0	0.0	0.0
MSMEG_6884	-3.825	-5.75	-3.8	0.0
MSMEG_6892	-2.3083	-0.9222	-4.5	-1.5857
MSMEG_6896	-2.9667	-4.65	-2.6	-0.7
MSMEG_6897	-3.1143	-5.1667	-2.1	0.0
MSMEG_6900	-3.3158	-5.4	-2.4857	-1.56
MSMEG_6903	-2.0857	-3.0667	-1.15	-1.55
MSMEG_6911	-2.919	-2.9867	-2.4143	-3.3846
MSMEG_6919	-0.9	-1.35	0.0	0.0
MSMEG_6922	-2.1	-3.0	-1.2	-1.2
MSMEG_6925	-3.3636	-3.85	-3.925	-1.9667
MSMEG_6933	-0.3	0.0	-0.6	-0.6
MSMEG_6935	-1.8	-3.2	-0.4	-0.4
MSMEG_6936	-0.6	-1.2	0.0	0.0
MSMEG_6941	-2.9562	-2.1818	-3.8909	-2.78
MSMEG_6942	-2.73	-2.325	-3.3	-2.7
MSMEG_6946	-3.9733	-5.92	-2.4167	-3.875
MSMEG_6947	-2.4857	-3.2	-1.8429	-2.4143
